pathCR	0	1	0	1	0	0	1	1	1	0	1	0	0	1	1	1	0	1	1	0	1	0	0	0	0	0	0	0	0	0	0	1	1	n/a	1	0	0	n/a	n/a	0	0	0	0	0	0	0	0
SampleID	H0571	H0601	H0613	H0617	H0618	H0627	H0638	H0667	H0682	H0684	H0689	H0735	H0736	H0757	H0785	H0793	H0800	H0823	H0838	H0846	H0849	H0886	J0001	J0003	J0018	J0020	J0038	J0054	J0058	J0072	J0076	J0109	J0126	M0828	M0829	M0830	M0831	M0834	M0835	M0836	M0837	M0839	M0840	M0845	M0846	M0852	M0853
Acidaminococcus_intestini	0.82	0.44	0.76	0	2.32	0	0	0	0	0	0	0	0	0	0.4	0.18	0	0	0	0	0	0.82	0	0	0	0	0	0	0	0	0	0.72	0.84	0	0.74	0.04	0	0	0	0	0	0	0	0	0	0	0
Actinomyces_odontolyticus	0.02	0	0.14	0	0.06	0	0.04	0.02	0.04	0.02	0.08	0.02	0.1	0.08	0.04	0	0	0	0.06	0.06	0	0.08	0	0	0	0.08	0	0.2	0.18	0.14	0.12	0.02	0.06	0	0.04	0.04	0	0	0.02	0	0	0.06	0.02	0	0	0.02	0.02
Adlercreutzia_equolifaciens	0	0	0	0	0	0	0.02	0.08	0.18	0.1	0.02	0	0.1	0	0.02	0.02	0.04	0	0.06	0.08	0.16	0	0.32	0	0.1	0	0	0.14	0	0.2	0	0.22	0.06	0	0.02	0	0	0	0	0	0	0.14	0	0	0	0.02	0
Adlercreutzia_equolifaciens.Asaccharobacter_celatus	0	0	0	0	0	0	0	0	0	0	0	0	0	0.02	0.12	0	0	0.04	0	0.02	0	0	0	0	0	0.3	0.02	0	0.26	0	0.26	0.02	0	0.02	0	0	0	0	0	0	0	0	0	0	0	0	0
Akkermansia_muciniphila	0	0	0.04	0	0	0	0	0	0	0	0	0	0	0	0.08	0	0	0	0	0.04	0	0.88	0	0.02	0	0	0	0.1	0	0.2	0	0	0	0	0	0	0	0	0	0	0	0	0	0	0	0	0
Alistipes_finegoldii	0	0	0.1	0	0	0.34	0.02	0.08	0	0.02	0.04	0.3	0.1	0.06	0	0	0.02	0.02	0	0.02	0.02	0.62	0	0.04	0	0.14	0.06	0.08	0	0.08	0	0.06	0.1	0.22	0.12	0	0.06	0	0	0	0	0	0	0	0	0	0.06
Alistipes_massiliensis	0	0	0.02	0	0	0	0	0.04	0	0.02	0	0.02	0.1	0	0	0	0	0	0	0	0	0.12	0	0.08	0	0	0	0	0	0	0	0.06	0	0	0	0	0	0	0	0	0	0.02	0.04	0	0	0	0
Alistipes_onderdonkii	0	0	0	0	0	0.78	0	0	0	0	0	4.08	0	0.02	0.02	0	0	0.02	0	0	0	0	0	0	0	0	0	0	0.04	0	0.02	0	0	0.02	0	0	0	0	0	0.02	0	0	0	0	0	0	0
Alistipes_shahii	0	0.08	0	0.02	0	0.02	0	0.22	0.02	0	0.06	0.3	0.26	0	0.1	0.12	0.02	0	0.12	0.06	0.08	0	0	0.36	0	0.24	0.12	0.04	0	0.02	0	0	0	0	0	0.08	0.16	0	0.1	0.02	0	0.36	0.06	0	0	0.04	0.04
Anaerostipes_caccae	0	0.04	0.04	0	0.06	0	0.02	0	0	0	0	0	0.02	0	0	0	0	0	0.02	0	0	0.18	0	0	0	0	0	0	0	0	0.04	0	0	0.02	0.04	0	0	0	0	0	0	0	0	0	0	0	0
Anaerotruncus_colihominis	0.04	0	0	0.02	0	0	0	0	0	0	0	0	0.04	0	0	0	0	0	0	0	0.04	0.06	0	0	0	0.02	0.02	0.02	0	0	0.06	0	0	0	0	0	0	0	0	0	0	0	0	0	0	0	0
Bacteroides_caccae	0.58	0.06	0	0	0	0.04	0	0.56	0.04	0	0	0.04	0	0.02	0.12	0	0	0.06	0.1	0.16	0.08	0.66	0	0.02	0.04	0.44	0.24	0.96	0.1	0.42	0.3	0.12	0.08	0	0	0.02	0	0	0	0	0	0.12	0.02	0	0	0	0
Bacteroides_cellulosilyticus	0.08	0.24	0.54	0.04	0	1.48	0	0	0	23.84	0	1.24	13.98	0.2	0	0.02	0	0.26	0	0	0	1.08	0.06	0.2	0.16	0.1	0.06	0.12	0.04	0.08	0.02	0.48	0.12	0.02	0	0.02	0.24	0.1	0	0	0	0.04	0	0	0	0.02	0
Bacteroides_clarus	0	0	0.08	0	0	0	0	0	0	0.04	0	0	0.04	0.38	0	0	0	0.72	0	0.02	0	0.46	0	0.04	0	0	0	0	0	0	0	0.1	0.04	0	0	0	0	0	0	0	0	0	0	0	0	0	0
Bacteroides_coprocola	0	0	0	0	0	0	0	0	0	3.02	0	0	1.4	0	0	0	0	0	0	0	0	0	0	0	0	0	0	0	0	0	0	0	0	0	0	0.66	0	0	0	1.02	0.92	0	0	0	0.18	0	0
Bacteroides_dorei	0	0.5	0.5	0.68	0	0.32	0	0.32	0.12	0	0	1.68	0	1.32	0.12	0.7	0	1.18	0	0	0.14	2.24	1.68	0.28	0.8	0	0	0	0	0	0	0	0	0	0	0	0	1.88	0.76	0	0	1	0.34	0	0	0.8	0.32
Bacteroides_eggerthii	0	0	0	0	0	0.12	1.92	0	0	4.28	1.52	0.2	1.38	0	0	0	0	0	0.06	0.2	0.02	0	0	0.1	0	0	0	0	0	0	0	0	0	0	0	0	0	0	0	0	0.02	0	0	0	0.02	0	0
Bacteroides_faecis	0.6	0	0	0	0.04	0	0	0	0	0	0	0	0	1	0	0	0	0.2	0	0	0	0	0	0.2	0	0	0	0	0	0	0	0	0	0	0	0	0	0	0	0	0	0	0	0	0	0.02	0
Bacteroides_finegoldii	0.78	0.06	0.04	0.02	0.14	0	0.22	0.28	0.44	0	0.3	0	0	0.16	0	0	0	0.2	0.08	0	0	0	0	0.02	0	0	0	0	0	0	0	0.36	0.38	0	0.32	0	0	0	0	0	0	0	0	0	0.02	0	0.02
Bacteroides_fragilis	0.04	0	0	0	0	0	0.42	0	0	0	0.4	0	0.04	1.44	0	0	0	0.18	0.02	0	0	0	0	0	0	0.02	0.04	0.02	0.02	0.34	0.02	0	0	0	0	0.02	0	0	0	0	0	0.08	0.06	0	0	0.02	0
Bacteroides_intestinalis	0	0	0.1	0	0	0	0	0.78	0.32	0	0	0	0	0	0	0	0	0	0	0	0.08	0.1	0	0	0	0	0	0	0	0	0	0	0	1.76	0	0.02	0.1	0.04	0	0	0	0	0	0	0	0	0
Bacteroides_massiliensis	7.08	0	0.12	0	0.56	0.14	0	1.34	3.06	0	0	0.2	0	0	0.32	0.2	0.04	0	0.42	0.02	0.62	0.44	0	0	0	0	0	0	0	0	0	2.24	3.18	0	4.86	0	0	0	0	0	0	0	0	0	0.04	1.84	0.72
Bacteroides_nordii	0	0	0	0	0	0	0.08	0	0.02	0	0.46	0.08	0	0.02	0	0	0	0	0.04	0	0	0	0	0.08	0	0	0	0	0.02	0	0.04	0.04	0.1	0	0	0	0	0	0	0	0	0	0	0	0	0	0
Bacteroides_ovatus	0.4	0.16	0.1	0	0	0.06	0.14	0.1	0	0.02	0.44	0.1	0	0.22	0	0	0	0.06	0.1	0.04	0.04	0.28	0	0.02	0.06	0.74	0.26	0	0	0	0.54	0.32	0.08	0	0.44	0.16	0.06	0	0	0	0	0.12	0	0	0	0.02	0
Bacteroides_salyersiae	0.06	0.74	0	0.06	0	0	0	0	0	0	0	0	0	0	0	0	0	0	0.02	0	0.08	0	0	0.74	0	0	0	0	0	0	0	0	0	0	0	0	0	0	0	0	0	0.3	0.1	0	0	0	0
Bacteroides_stercoris	11.4	0.84	0	0.08	0.72	0	0.18	1.18	0.92	0	0.12	0	0	0	0.1	0.14	0.02	0	0.44	0	0.74	0	0.08	0.34	0.08	5.8	7.38	0	3.22	0	5.24	0	0	0	0.64	1.68	0.26	0	0	0	0	4.48	1.56	0	0	0	0
Bacteroides_thetaiotaomicron	0	0.28	0	0	0	0.04	0	0.22	0.1	0.02	0	0.02	0.18	0	0.04	0.02	0.04	0	0.04	0.02	0.02	0	0.14	0.1	0.3	1.08	0.84	0.08	0.02	0.14	0.82	0.08	0.16	0.16	0	0.02	0	0.02	0	0	0	0.28	0.08	0	0	0	0
Bacteroides_uniformis	5.04	5.86	1.82	1.12	0.36	1.68	0.76	15.16	5.16	0.22	0.96	1.82	3.54	2.38	0.7	0.54	1.16	3.58	1.5	1.52	0.6	3.2	0.44	0.76	0.9	3.2	5.38	0	0.2	0	1.66	2.94	5.56	5.66	0.46	0.7	0.04	0.06	0	0	0.06	8.32	3.86	0.02	0.06	0.28	0.3
Bacteroides_vulgatus	31.36	19.5	0.26	25.4	1.04	0.58	39.76	6.58	4.22	13.02	16.26	2.18	6.34	8.5	1.66	4.78	1.92	8.24	2.1	0.68	1.84	0.66	0	1.3	0	17.68	24.32	0.88	0.78	0.58	10.6	3.76	6.34	13.2	10.06	2.88	2.82	3.82	3.34	0.44	0.46	8.24	4.4	0.02	0.6	2.3	0.98
Bacteroides_xylanisolvens	0.38	0	0	0	0.12	0.04	0	0.12	0.26	0.04	0.08	0.02	0.16	0	0.08	0.04	0	0	0.02	0	0	0.08	0	0.02	0	1.02	0.5	0.16	0	0.02	0	0	0	0	0	0	0.02	0	0	0	0	0.16	0.08	0	0	0	0
Barnesiella_intestinihominis	0	0.28	0	0	0	0.02	0	0.74	0.14	0.34	0	0.22	0.56	0	0	0	0	0	0	0.1	0.02	0	0	0.12	0	0.32	0.42	0.52	0.5	0.24	0.28	0	0	0	0	0.02	0.06	0.02	0.04	0	0	0	0	0	0	0	0.02
Bifidobacterium_longum	0	0	0	0	0	0	0	0	0	0	0	0	0	0	0	0	0	0	0	0	0	0	0	0	0	0	0	0	0	0	0	0	0	0	0.02	0	0	0	0	0.06	0	0	0	0	0	0	0
Bilophila_wadsworthia	0	0.06	0	0	0	0	0.04	0.04	0.06	0	0.1	0.04	0	0	0	0	0	0	0	0	0	0	0	0	0	0.02	0.04	0	0.02	0	0.12	0.12	0.04	0	0.02	0.02	0.02	0	0	0	0	0.02	0	0	0	0	0
Blautia_glucerasea	0.18	0.08	0.92	0.04	0.12	0.04	0	0	0	0.54	0	0.14	0.24	0	0	0	0	0	0	0	0	2.18	0	0	0	0.02	0.02	0	4.14	0	1.16	0	0.02	0	0.02	0	0	0	0	0	0	0	0	0	0	0	0
Blautia_hansenii	0	0	0.04	0	0	0	0.02	0	0	0	0.02	0	0	0	0	0	0	0	0.24	0	0.14	0.02	0	0	0	0.82	0.62	0	1.38	0	0.58	0	0	0	0.02	0	0	0	0	0	0	0.02	0.18	0	0	0	0
Blautia_luti	0.58	1.78	0.06	0.06	2.76	2.86	0.96	5.16	2.84	0.18	2.48	0.48	0.3	0.14	1.7	0.2	0.44	0.28	12.74	2.22	10.12	1.16	0.9	2.42	6.14	1.68	0.8	3.24	1.8	1.32	5.4	2.22	1.42	0.3	1.06	1.94	0.18	0.02	0.04	0	0	2.3	0.24	3.32	1.56	0.22	0.24
Butyricimonas_virosa	0	0.02	0	0	0	0.02	0	0	0	0.02	0	0.12	0	0.02	0.04	0.06	0.02	0	0	0.02	0	0	0	0.2	0	0.08	0	0.02	0	0.04	0	0.18	0.14	0	0	0	0	0.02	0.02	0.02	0.02	0.02	0	0	0	0.02	0
Catenibacterium_mitsuokai	0	0	0	0	0	0	0	0	0	0	0	0	0	0	0	0	0	0	0	0	0	0	0	14.66	0	0	0	0	0	0	0	0	0	0	0	0	0	0	0	0	0	0	0	0	0	0	0
Cetobacterium_somerae	0	0	0	0	0	0	0	0	0	0	0	0	0	0	0	0	1.04	0	0	0.9	0	0	0	0	0	0	0	0	0	0	0	0	0	0	0	0	0	0	0	0	0	0	0	0	0	0	0
Clostridium_asparagiforme	0	0	0.04	0	0.06	0.06	0	0	0	0.02	0.02	0	0	0	0	0	0	0	0.04	0	0.08	0.16	0	0	0	0.06	0.02	0	0.02	0.02	0.02	0	0	0	0.02	0	0	0	0	0	0	0	0	0	0	0	0
Clostridium_bartlettii	0.14	0	0	0.02	0.76	0	0	0	0	0.08	0	0	0.02	0	0.98	0	5.88	0.68	0	4.16	0.02	0.02	0.24	0.02	0.14	0	0	0.5	0.08	1.26	0.04	0	0.26	0	0.02	0	0	0.16	0.42	0.28	1.7	0.36	2.42	0	0	0.02	0
Clostridium_bolteae	0.02	0	0.02	0	0.16	0.02	0.02	0	0	0	0.02	0.02	0	0.06	0	0.04	0	0	0	0	0.02	0.02	0	0	0.02	0.74	0.2	0.08	0.02	0.04	0.1	0	0.02	0	0	0	0	0	0	0	0	0	0	0	0	0	0
Clostridium_bolteae.Clostridium_clostridioforme	0	0.02	0.18	0	0.08	0.02	0.1	0	0	0	0.06	0.04	0	0	0	0	0.02	0	0.04	0	0.06	0.06	0	0.06	0	0.02	0	0	0.24	0.02	0.26	0	0	0	0	0	0	0	0	0	0	0.02	0	0	0	0	0
Clostridium_glycyrrhizinilyticum	0	0.18	0	0.02	0	0.08	0.06	0	0	0	0	0.02	0	0	0.02	0	0	0	0.02	0	0	0	0	0	0	0.04	0.06	0	0.02	0	0	0.02	0.02	0	0	0	0	0	0	0	0.02	0	0.02	0	0	0	0
Clostridium_hathewayi	0.02	0.02	0	0	0	0	0	0	0	0	0.02	0	0	0	0	0	0	0	0.02	0	0	0.28	0	0	0	0	0	0	0.02	0.02	0	0	0	0	0	0	0	0	0	0	0	0	0	0	0	0	0
Clostridium_lactatifermentans	0	0.16	0.42	0.02	0	0	0.02	0	0	0.3	0.12	0	0.38	0	0	0	0	0	0	0	0	1.38	0	0	0	0.68	0.34	0	0	0	0.66	0.36	0.22	0	0	0	0	0	0	0	0	0	0	0.02	0	0	0
Clostridium_lavalense	0	0	0.04	0	0.04	0.04	0	0	0	0.04	0.04	0.02	0	0	0	0	0	0	0	0.02	0	0.06	0	0	0	0.14	0.02	0	0.06	0	0.1	0	0	0	0	0	0.02	0	0	0	0	0.02	0	0	0	0	0
Clostridium_mayombei	0.02	0	0	0	0	0	0	0	0	0	0	0	0	0	0	0	0.12	0	0	1.6	0	0	0	0	0	0	0	0.1	0	0.16	0	0	0.08	0	0	0	0	0.94	0	0	0	0	0.42	0	0	0	0
Clostridium_paraputrificum	0.04	0	0	0	0	0	0	0	0	0	0	0	0	0	0	0	0.36	0	0	0.02	0	0	0	0	0	0	0	0	0	0	0	0	0	0	0	0	0	0	0	0.12	0.02	0	0	0	0	0	0
Clostridium_perfringens	0.16	0	0	0	1.26	0	0	0	0	0	0	0	0.06	0	0	0.64	0	0	0	0	0.06	0	0	0	0	0	0.18	0.04	4.84	0	1.3	0	0	0	0	0	0	0	0	0	0	0.04	0	0	0	0	0
Clostridium_ramosum	0.04	0.06	0.08	2.48	0.22	0	0	0	0.02	0	0.02	0	0.62	0	0	0	0.02	0	1.84	0.4	0.26	0.12	0.04	0	0	0.1	0.48	0.02	0	0	0.22	0	0	0	0.16	0	0	0.18	0.08	0.08	0	0.14	0.04	0.06	0.04	0	0
Clostridium_saccharogumia	0	0	0	0	0	0	0	0	0	0	0	0	0.02	0	0	0	0	0	0	0	0	0	0.44	0	1.18	0	0	0	0	0	0	0	0	0	0	0	0	0	0	0	0	0	0	0	0	0	0
Clostridium_scindens	0.12	0.04	0.02	0	0	0	0	0	0	0.02	0	0	0.06	0	0	0	0	0	0.18	0.02	0.22	0.02	0.02	0	0	0.16	0.06	0	0.16	0	0.14	0	0	0	0.06	0	0	0	0	0	0	0	0	0	0	0	0
Clostridium_spiroforme	0	0	0.22	0	0	0	0	0.08	0.78	0.18	0	0	0.36	0	0.76	0.2	0.06	0	0.36	0.36	0.04	0.44	0	0	0	0.32	1.72	0.22	0.54	0.2	0.26	0.1	0.38	0	0.2	0.08	0.1	0.36	0	0.1	0.52	0.82	0.54	3.44	2.04	0	0
Clostridium_symbiosum	0.02	0	0.06	0	0	0	0	0	0	0.02	0.02	0	0	0	0.02	0	0	0	0	0	0.04	0.04	0	0	0	0	0	0.02	0	0.04	0.3	0.02	0	0	0.02	0	0	0	0	0	0	0	0.02	0	0	0	0
Collinsella_aerofaciens	1.24	0.18	0.14	0.02	2.04	0.86	0.44	2.26	0.5	1.1	0.68	0.52	2.56	0.96	6.44	0.54	0.4	0.34	8.14	1.34	16.68	7.94	0	0.6	0	1.08	1	2.04	0	1.48	0	0	0	0	0	1.72	0	0.02	0	0	0.04	0.86	0.08	0.54	1.3	0.04	0.06
Collinsella_intestinalis	0	0	0	0	0	0	0	0	0	0.1	0	0	0.52	0	0	0	0	0	0	0	0	0	0	0	0	0.54	0.82	0	0.24	0	0.1	0.38	1.26	0	0	0	0	0	0	0	0	0	0	0	0	0	0
Collinsella_stercoris	0.02	0	0	0	0.22	0	0	0	0	0	0	0	0	0	0	0	0	0	0	0	0	0	0	0	0	0.08	0.12	0	0.1	0	0.12	0	0	0	0	0	0	0	0	0	0	0	0	0	0	0	0
Coprobacillus_cateniformis	0	0	0.04	0	0	0	0.16	0	0	0	0	0	0	0	0	0	0	0	0	0	0	0.94	0	0	0	0.12	0.28	0	0	0.04	0	0	0	0	0.02	0	0	0	0	0	0	0.08	0.02	0	0.02	0	0.04
Coprobacter_fastidiosus	0	0	0	0	0	0	0	0	0	0.04	0	0	0.3	0	0	0	0	0	0	0.1	0	0	0	0	0	0	0	0	0	0	0	0	0	0.24	0	0	0.04	0.04	0	0	0	0	0	0	0	0	0
Coprococcus_catus	0	0	0	0	0	0	0.66	0.32	0.4	0	1.28	0	0	0.14	0.48	0.18	0.8	0.22	0	0.84	0.06	0	0	0.92	0	0	0	0	0	0	0	0	0	0.7	0	0	0	0.16	0.24	0.58	0.86	0.16	0	0.08	0	0.22	0.1
Coprococcus_comes	0.5	0	0	0	1.52	0.9	0.46	0.66	0.58	0.36	0.42	0.86	0.42	0.22	0.4	0.24	0.24	0.3	0	0.52	0.02	0	0	0.44	0	0.28	0.28	0.48	0	0.46	0	0	0	0.14	0	0	0	0.02	0	0.02	0.14	0.24	0.12	0	0	0.16	0.5
Coprococcus_eutactus	0	0	0	0	0	0	0.06	0	0	0	0.66	0	0	0	0	0	0	0	0	0	0	0	0.42	0	3.7	0	0	0	0	0	0	0	0	0	0	0	0	0	0	0	0	0	0	0	0	2.02	3.54
Dialister_invisus	0.02	0	0.64	0	0	0	0	0	0	0	0	0	0	0	0	0	0	0	0	0	0	0.4	0	0	0	0	0	0.24	3.8	0.1	7.68	0	0	0	0.1	0	0	0	0	0	0	0	0	0	0	0	0
Dorea_longicatena	0.28	1.44	0.02	0.28	2.22	1.28	0.72	1.42	2.82	0.3	2.26	0.8	0.34	0.56	0.4	0.52	1.24	0.54	0	1.28	0.04	0	0	1.8	0	2.7	1.24	2.18	0	1.82	0	1.66	1.78	0.64	1.68	2.06	1.5	0.34	0.34	0.26	0.46	1.98	2.08	3.64	2.6	1.68	3.04
Eggerthella_lenta	0.08	0	0.32	0	0.1	0.02	0.12	0	0.02	0.02	0.1	0.04	0.04	0.04	0.12	0.1	0	0.02	0.08	0	0.04	0.62	0.1	0.02	0.04	0	0	0	0.16	0	0.22	0.04	0.1	0.02	0.28	0	0	0	0	0	0.02	0	0.02	0	0	0	0.02
Enterobacter_aerogenes.Klebsiella_granulomatis.Klebsiella_milletis.Klebsiella_oxytoca.Klebsiella_pneumoniae.Klebsiella_senegalensis.Klebsiella_variicola	0.1	0	0	0	0	0	0	0	0	0	0	0	0	0	0	0	0	0	0	0	0	0	0	0	0	0	0	0	0.02	0	0	0	0.06	0	0	0	0	0	0	0	0	0	0	0	0	0	0
Enterobacter_aerogenes.Raoultella_ornithinolytica.Raoultella_planticola	0.18	0	0	0	0	0	0	0	0	0	0	0	0	0	0.02	0	0	0	0	0	0	0	0	0	0	0	0	0	0.16	0	0.04	0.18	0.08	0	0.1	0	0	0	0	0	0.04	0	0	0	0	0.16	0
Enterobacter_asburiae.Enterobacter_cancerogenus.Enterobacter_cloacae.Enterobacter_hormaechei.Escherichia_coli.Shigella_boydii.Shigella_dysenteriae.Shigella_flexneri	0	0	0.02	0	0	0	0.12	0	0	0	0.02	0	0	0	0.06	0	0	0	0	0	0	0.04	0	0	0	0	0	0	0	0.06	0	0	0	0	0	0	0.06	0	0.02	0	0	0	0	0	0	0.02	0
Enterobacter_asburiae.Enterobacter_cancerogenus.Enterobacter_hormaechei.Shigella_flexneri	0	0	0	0	0	0	0	0	0	0	0	0	0	0.08	0.06	0	0	0	0	0	0	0	0	0	0	0	0	0	0	0	0	0	0	0	0	0	0	0	0	0	0.02	0	0	0	0	0	0
Enterobacter_hormaechei	0	0	0	0	0.02	0	0	0	0	0	0	0	0	0	0	0	0	0	0	0	0	0	0	0	0	0	0	0	0.02	0	0	0	0	0	0	0	0	0	0	0	0	0	0	0	0	0.2	0
Enterococcus_azikeevi.Enterococcus_hirae	0	0	0	0	0	0	0	0	0	0	0	0	0	0	0	0	0	0	0	0	0	0	0	0	0	0	0	0	0	0	0	0	0	0	0	0	0	0	0	0	0	0	0	0	0	0	0
Enterococcus_durans.Enterococcus_faecium.Enterococcus_hirae.Enterococcus_lactis	0	0	0	0	0	0	0	0	0	0	0	0	0	0	0	0	0	0	0	0	0	0	0	0	0	0	0	0.06	0	0	0	0	0	0	0.1	0	0	0	0	0	0	0.02	0	0	0.02	0	0
Enterococcus_faecalis	0	0	0.04	0.02	0	0	0	0	0	0	0	0	0	0	0	0	0	0	0	0	0	0	0	0	0	0.22	0	0	0	0	0	0	0	0	0	0	0	0	0	0	0	0	0	0	0	0	0
Enterococcus_faecium	0	0	0	0	0	0	0	0	0	0	0	0	0	0	0	0	0	0	0	0	0	0	0	0	0	0	0	0	0	0	0	0	0	0	0.08	0	0.02	0	0	0	0	0	0.02	0	0	0	0
Escherichia_coli	0	0	0	0	0	0	0.56	0	0	0	0.18	0	0	0.24	0.04	0.04	0.04	0.16	0	0.08	0	0	0.08	0	0	0.14	0.08	0	0.06	0	0	0.92	1.36	0	0	0	0	0	0	0	0.02	0.24	0.02	0	0.04	1.18	0
Escherichia_coli.Escherichia_fergusonii.Shigella_dysenteriae.Shigella_flexneri	0	0	0	0	0.04	0	0	0	0	0	0	0	0	0.24	0	0	0	0.08	0	0.06	0	0	0	0	0	0	0	0	0.12	0	0.06	0.04	0.14	0	0	0	0	0	0	0	0	0	0	0	0	0.04	0
Escherichia_coli.Shigella_boydii.Shigella_dysenteriae.Shigella_sonnei	0	0	0	0	0	0	0	0	0	0	0	0	0.02	0.1	0	0	0	0	0	0	0	0	0	0	0	0	0	0	0	0	0	0.44	0.98	0	0	0	0	0	0	0	0	0.14	0	0	0	0	0
Escherichia_coli.Shigella_dysenteriae.Shigella_sonnei	0	0	0	0	0.04	0	0	0	0	0	0	0	0	0	0.02	0	0	0	0	0.12	0	0	0	0	0	0	0.02	0	0.02	0.04	0	0.16	0.34	0	0	0	0	0	0	0	0	0	0	0	0	0.32	0
Eubacterium_limosum	0	0	0	0	0.02	0	0	0	0	0	0.04	0	0	0	0	0	0	0	0	0.04	0	0	0	0.02	0	0.06	0.04	0.04	0	0.02	0	0	0	0	0	0	0	0	0	0	0	0.12	0.1	0	0.04	0.02	0
Faecalibacterium_prausnitzii	5.28	22.14	1.08	51.66	13.26	11.3	13.62	6.2	21.54	4.78	10.38	19.4	3.26	28.24	5.26	18.26	24.9	25.82	0.04	5.98	0.4	0.62	0.74	1.86	6.8	0	0	6.56	0.9	3.96	4.24	12.64	15.64	25.9	5.78	14.06	36.1	43.16	43.32	65.2	47.06	6.08	34.06	0.94	1.28	37.52	21.72
Flavonifractor_plautii	0	0.1	0.48	0.16	0.16	0.02	0	0.02	0	0	0.06	0.08	0.08	0.04	0	0	0	0	0.18	0	0.08	0.08	0.02	0	0	0.18	0.06	0.02	0.64	0.02	0.04	0.08	0.06	0	0.04	0.02	0	0	0	0	0	0.08	0	0	0	0	0
Fusicatenibacter_saccharivorans	0.18	3.38	0.94	0.28	1.08	2.04	1.96	2.52	3.46	0.3	1	0.34	0.04	0.84	0.64	0.72	0.42	1.42	1.24	0.8	1.62	3.32	0.04	0	0.18	0	0	2.6	0.08	4.42	0.3	2.28	2.2	0.5	0.32	1.42	0.5	0.14	0	0	0.06	0.7	0.48	0.06	0	0.12	0.02
Fusobacterium_varium	0	0	0	0	0.02	0	0	0	0	0	0	0	0	0	0	0	0	0	0	0	0	0	0	0	0	0	0	0	0	0	1.48	0	0	0	0	0	0	0	0	0	0	0	0	0	0	0	0
Gordonibacter_pamelaeae	0	0.04	0.16	0.02	0.06	0	0	0.02	0	0	0	0	0.02	0.02	0.06	0	0	0.04	0	0	0	0.08	0.28	0	0	0	0	0	0.02	0	0	0.02	0	0.02	0	0	0	0	0	0	0	0	0	0	0.02	0	0.02
Granulicatella_adiacens.Granulicatella_paraadiacens	0	0	0.02	0.02	0.04	0	0	0	0	0	0.02	0	0	0	0	0	0	0	0.02	0	0.02	0	0	0	0	0	0	0.06	0.08	0.08	0.02	0	0	0	0.12	0	0.02	0	0.02	0	0.02	0	0	0	0	0.02	0.02
Haemophilus_parainfluenzae	0.02	0	0	0	0	0	0	0.02	0	0	0.08	0	0	0	0	0	0.04	0.02	0	0	0.1	0	0	0	0	0	0	0	0	0	0	0	0	0	1.48	0.02	0.02	0	0	0	0	0	0	0	0	0	0
Klebsiella_granulomatis.Klebsiella_milletis.Klebsiella_oxytoca.Klebsiella_pneumoniae	0.98	0	0	0	0	0.02	0	0	0	0	0	0.02	0	0	0	0	0	0	0	0	0.08	0	0	0	0	0	0	0	0.64	0	0.04	0	0.2	0	0.1	0.04	0	0	0	0	0	0	0	0	0	0	0
Klebsiella_granulomatis.Klebsiella_pneumoniae.Klebsiella_variicola	1.12	0	0	0	0	0.04	0	0	0	0	0	0.04	0	0	0	0	0	0	0	0	0.08	0	0	0	0	0	0	0	0.06	0	0	0	0.32	0.02	0.12	0	0	0	0	0	0	0	0	0	0	0.02	0.26
Klebsiella_pneumoniae.Klebsiella_variicola	0	0	0	0	0	0	0	0	0	0	0	0	0	0	0	0	0	0	0	0	0	0	0	0	0	0	0	0	0	0	0	0	0	0	0.5	0	0	0	0	0	0	0	0	0	0	0.44	1
Lactobacillus_animalis.Lactobacillus_murinus	0	0	0	0	0	0	0	0	0	0	0	0	0	0	0	0	0	0	0	0	0	0	0	0	0	0	0	0	0	0	0	0	0	0	0	0	0	0	0	0	0	0	0	0	0	0	0
Lactobacillus_curvatus	0	0	0	0	0	0	0	0	0	0	0	0	0	0	0.02	0	0.6	0	0	0	0	0	0	0	0	0	0	0	0.12	0	0.38	0	0	0	0	0	0	0	0	0	0	0	0	0	0	0	0
Lactobacillus_fermentum	0.1	0	0	0	0.1	0	0	0	0	0	0	0	0	0	0	0	0	0.02	0	0	0	0	0	0	0	0	0	0	0	0	0	0	0	0	0	0	0	0	0	0	0	0	0	0	0	0	0
Lactobacillus_gasseri	0	0	0	0	0.04	0	0	0	0	0	0	0	0	0	0.02	0	0.02	0	0	0	0	0	0	0	0.02	0	0.02	0	0	0	0	0	0	0	0.26	0	0	0	0	0	0	0	0	0	0	0.02	0
Lactobacillus_pentosus.Lactobacillus_plantarum	0	0	0	0	0	0	0	0	0	0	0	0	0	0	0	0	0	0	0	0	0	0	0	0	0	0	0	0	0	0	0	0	0	0	0	0	0	0	0	0	0	0	0	1.64	0	0	0
Lactobacillus_reuteri	0	0	0	0	0	0	0	0	0	0	0	0	0	0	0	0	0	0	0.02	0	0	0	0	0	0	0	0	0	0	0	0	0	0	0	0	0	0	0	0	0	0	0	0	0	0	0	0
Lactobacillus_ruminis	0	0	0	0	0	0	0	0	0	0	0	0	0	0	0	0	0	0	0	0	0	0	0	0	0	0	0	0	0	0	0	0	0	0	0	3.98	0.08	0	0	0	0	0	0	0	0	0	0
Lactococcus_garvieae	0	0	0	0	0	0	0	0	0	0	0	0	0	0	0	0	0	0	0	0	0	0	0	0	0	0	0	0	3.44	0	1.8	0	0	0	0	0	0	0	0	0	0	0	0	0	0	0	0
Lactococcus_lactis	0	0	0	0.04	0	1.6	0	0.02	0	0	0.06	0.12	0.04	0	0.1	0	0.02	0	0	0.68	0	0.02	0.42	0	0.4	0.02	0	0	0.04	0	0.04	0.08	0.16	0.06	0	0.04	0	0	0	0	0	0.12	0	0	0.08	0	1.44
Megamonas_hypermegale	0	0	0	0	0	0	0	0	0	0.2	0	0	0	0	0	0	0	0	0	0	0	0	0	0	0	0	0	0	0	0	0	0	0	0	0	1.84	3.88	0	0	0	0	0	0	0	0	0	0
Odoribacter_laneus	0	0	0	0	0	0.22	0	0	0	0	0	4.58	0	0	0	0	0	0	0	0.02	0	0	0	0.04	0	0	0	0	0	0	0	0	0	0	0	0	0	0	0	0	0	0	0	0	0	0.38	0.4
Odoribacter_splanchnicus	0.34	0.08	0.04	0.32	0.02	0.1	0.22	0.14	0.12	0.14	0.24	0.28	0.16	0.24	0.06	0.04	0.04	0.08	0	0	0	0.04	0	0.12	0	0.16	0.1	0	0.04	0	0.14	0	0	0.22	0.02	0.02	0.08	0.12	0.12	0	0	0.02	0.08	0.06	0.02	0	0.22
Okadaella_gastrococcus.Streptococcus_parasanguinis	0	0	0	0	0.04	0	0.02	0	0.02	0	0.18	0	0	0	0	0.04	0	0	0	0	0	0	0	0	0	0	0	0.26	0	0.28	0	0	0	0	0	0	0	0	0	0	0	0	0	0	0	0	0
Parabacteroides_distasonis	0.66	0.62	0.06	0.04	0.02	0.32	0.68	0.52	1.08	0.46	1.4	0.58	1.12	0.08	0.16	0.14	0.12	0.06	0.1	0.12	0.04	0.46	0	2.64	0.02	1.04	1.7	0	0.08	0	0.5	0.54	0.28	0	0.08	0.06	0.16	0	0	0	0	0.08	0.16	0	0.04	0.08	0
Parabacteroides_goldsteinii	0	0	0	0	0	0.1	0.14	0	0	0	0.36	0.48	0	0	0.08	0.02	0	0	0	0.04	0.02	0	0.04	0.08	0.04	0	0	0	0	0	0	0.04	0.06	0.1	0	0	0	0	0	0	0	0.06	0.02	0	0	0	0
Parabacteroides_merdae	0.78	0.12	0	0	0.06	0.02	0.04	0.16	0.1	0.3	0.28	0.06	0.2	0.18	0.06	0.02	0	0.3	0.18	0.02	0.14	0.16	0.16	0.22	0.08	0.56	0.34	0	0	0	0	0.1	0.12	0.22	0.14	0.14	0	0	0	0	0	0.4	0.3	0	0	0	0
Paraprevotella_clara	0	0.6	0	0.24	0	0	0.08	0.2	0.32	0	0.06	0	0	0	0	0.02	0	0	0.36	0	1.3	0	0	0.4	0	1.28	0.76	0	0	0	0	0	0	0.04	0	0	0	0	0	0	0	0	0	0	0	0	0
Parasutterella_excrementihominis	0	0	0	0	0	0	0	0	0	0	0.04	0.02	0	0	0	0.02	0.02	0	0.02	0	0.22	0	0	0.02	0.04	0.42	0.68	0	0.24	0.04	1.2	0.1	0.06	0	0	0.02	0	0	0	0	0	0.22	0	0	0	0	0
Phascolarctobacterium_faecium	0.72	0.72	0	0.02	1.7	0.78	0.44	1.46	0.84	0	1.1	1.52	0	0.26	0.22	0.14	0.18	0.46	0.74	0.62	0.78	0	0.24	0	0.22	2.22	1	0	0	0	0	0	0	0	0	0.02	0	0	0	0	0	1.62	0.64	0.04	0	0	0
Roseburia_faecis	0.08	0.88	0.04	0.04	1.18	0	0	0	0	0.06	0	0	0	0	0.02	0.04	0.04	0	1.66	0.12	5.82	0.04	0	0.06	0.68	0	0	0	0	0	0	2.86	1.42	0	0.36	0.32	0.38	0	0	0.14	0.1	0.5	0.3	0	0.16	0.06	0.06
Roseburia_hominis	0.02	0.16	0.02	0	0.2	0.02	0	0.6	0.02	0.02	0.04	0.02	0	0.06	0.06	0.16	0.1	0.02	0.04	0.2	0.02	0.04	0.02	0.2	0.02	0	0	0.04	0.06	0	0.12	0.02	0.06	0	0.06	0.06	0	0	0	0	0	0	0	0	0	0	0
Roseburia_intestinalis	0.06	0.38	0	0.1	2.5	0.28	0.3	0	0	0.18	0.14	0	0	0.12	0.08	0.06	0.84	0.16	0.36	0.02	0.38	0	0	0.1	0.04	0	0	0.02	0.02	0.04	0.36	1.6	0.7	0.04	0.96	0.12	0.12	0	0	0.02	0.06	0.08	0.3	0	0	0	0
Roseburia_inulinivorans	0.02	0.36	0	0.2	0.6	0	0.84	0	0	0.02	1.3	0	0.04	1.38	0.16	0.04	0.66	1.64	2.66	0.5	0.6	0	0	0.74	0	0	0	0	0	0	0.12	2.48	2.28	0.08	1.58	1	0.46	0.02	0.16	0.12	0.02	0.06	0.06	0	0.06	0.06	0
Rothia_mucilaginosa	0	0.02	0	0	0.06	0	0.02	0	0	0	0.06	0	0.06	0.02	0	0	0	0.02	0	0	0.04	0	0	0	0.02	0.02	0	0	0.04	0.02	0	0	0	0	0.2	0	0	0	0.02	0	0	0.04	0	0	0	0.02	0
Ruminococcus_bromii	0	0.02	0.94	0	0	0	0	0	0	0.16	0	0	0.32	0.56	0	0	2.3	0.96	12.82	8.8	9.66	7.46	16.12	0	8.46	0	0	7.04	0	9.34	0	3.04	4.24	0	0	8	0.18	0	0	0	0	0	1.52	0	0	0.7	1.1
Shigella_boydii.Shigella_flexneri	0	0	0	0	0	0	0	0	0	0	0	0	0	0	0	0	0	0	0	0.1	0	0.04	0	0	0	0	0	0	0.02	0	0	0	0.04	0	0	0	0	0	0	0	0	0	0	0	0	0	0
Shigella_boydii.Shigella_sonnei	0	0	0	0	0	0	0	0	0	0	0	0	0	0	0	0	0	0	0	0.06	0	0	0	0	0	0	0	0	0	0	0	0	0	0	0	0	0	0	0	0	0	0	0	0	0	0	0
Shigella_dysenteriae	0	0	0	0	0.06	0	0	0	0	0	0	0	0	0	0	0	0.02	0	0	0	0	0.02	0	0	0	0	0	0	0	0	0	0	0	0	0	0	0	0	0	0	0	0	0	0	0	0	0
Shigella_flexneri	0	0	0	0	0	0	0.24	0	0	0	0.04	0	0	0	0.02	0	0	0	0	0	0	0	0	0	0	0.04	0.12	0	0	0	0	0.02	0.08	0	0	0	0	0	0	0	0	0	0	0	0	0	0
Slackia_isoflavoniconvertens	0	0	0	0	0	0.04	0	0	0	0	0	0.14	0	0	0	0	0	0	0	0	0	0	0	0.04	0	0	0	0	0	0	0	0	0	0.1	0	0.08	0	0	0	0.04	0.08	0	0	0	0	0	0
Slackia_piriformis	0.04	0	0	0	0.48	0	0	0	0	0	0	0	0	0.02	0	0	0	0	0	0	0	0	0	0	0	0	0	0	0	0	0	0	0	0	0	0	0	0	0	0	0	0	0	0.24	0.44	0	0
Streptococcus_anginosus	0	0.02	0.06	0	0	0	0	0.02	0	0	0.02	0	0	0.06	0.04	0	0.04	0.52	0	0	0	0	0	0	0	0.02	0.04	0.06	0	0.08	0	0.08	0	0	0.9	0	0	0	0	0	0	0.06	0.26	0.02	0.02	0	0.02
Streptococcus_australis	0.02	0	0	0	0	0	0	0	0	0	0	0	0	0	0.02	0	0	0	0	0.02	0	0	0	0	0	0.02	0	0	0.12	0.04	0.12	0	0	0	0	0	0	0.14	0.08	0	0	0.12	0.28	0	0	0	0
Streptococcus_equinus.Streptococcus_lutetiensis	0	0	0	0	0	0	0	0	0	0	0	0	0	0	0.02	0	0	0	0	0	0	0	0	0	0	0	0	0	0	0	0	0	0	0	0	0	0	0	0	0	0	0	0	0	0	0	0
Streptococcus_gordonii	0	0	0.02	0	0.24	0	0.02	0	0	0	0.16	0	0	0.12	0	0	0	0.1	0	0	0.02	0	0	0.02	0	0	0	0.26	0.08	0.08	0.02	0.02	0	0	0.04	0	0	0.02	0.02	0	0	0	0.06	0.02	0	0	0
Streptococcus_infantis	0	0	0	0	0.02	0	0	0.02	0.02	0.04	0.04	0	0	0.08	0.04	0	0.02	0.04	0	0	0	0.06	0	0	0	0	0	0	0.04	0	0	0	0	0.04	0	0	0	0.62	0.02	0	0	0.02	0.02	0	0	0	0.06
Streptococcus_lactarius	0	0	0.02	0	0.02	0	0	0	0	0	0	0	0	0	0	0	0.12	0	0	0	0	0	0	0	0	0	0	0.04	0.26	0.46	0	0	0	0	0.02	0	0	0	0	0	0.02	0.02	0.08	0	0	0	0
Streptococcus_mitis	0	0	0.16	0.04	0.08	0	0	0	0	0.02	0.1	0	0	0.04	0	0	0	0.02	0.04	0	0	0.04	0	0.02	0	0	0	0.06	0.2	0	0.14	0.04	0.02	0	0.36	0	0	0.18	0	0	0	0.02	0.04	0	0.02	0	0
Streptococcus_mitis.Streptococcus_sanguinis	0	0.02	0	0.02	0	0	0	0	0.02	0	0	0	0	0	0	0.02	0	0	0	0	0	0	0	0	0	0	0	0	0	0	0	0	0	0	0.16	0	0	0.02	0	0	0	0	0	0	0	0.06	0.08
Streptococcus_mutans	0	0	0	0	0	0	0.02	0	0	0	0.1	0	0	0	0	0	0	0.02	0	0.02	0	0	0	0	0	0.06	0.04	0	0	0	0	0	0	0.04	0.08	0	0	0	0	0	0	0.04	0.06	0	0	0	0
Streptococcus_oralis	0.02	0.16	0.36	0.12	0.22	0	0.1	0.1	0.18	0.02	0.04	0	0.04	0.16	0.12	0.04	0.34	0.06	0	0.04	0.04	0.02	0	0.04	0	0	0	0.22	0.46	0.12	0.36	0.08	0.06	0	0.1	0	0	0.78	0.06	0	0	0.02	0.88	0	0	0.2	0.26
Streptococcus_parasanguinis	0.14	0.18	0.78	0.02	1.6	0	0.22	0.04	0.02	0.06	0.96	0	0.06	0.3	0.22	0.04	0.58	0.32	0.04	0	0.14	0.1	0.2	0.02	0.06	0.1	0.16	1.48	0.8	1.9	0.62	0.06	0.06	0.04	3.36	0.02	0	0	0	0	0	0.28	2.06	0	0.02	0.08	0.18
Streptococcus_rubneri	0.02	0.04	0	0	0.1	0	0	0	0	0	0.02	0	0	0	0	0	0	0	0	0	0.02	0	0	0	0	0	0	0	0.36	0	0.24	0	0.02	0	0	0	0	1.82	0.34	0	0	0.04	0.4	0	0	0	0
Streptococcus_salivarius	0.12	1.86	4.94	0.54	5.02	0.02	0.72	0.1	0	0.42	2.16	0.34	0.36	1.78	6	4.1	5.2	0.58	0.02	0.14	1	0.28	0.34	0.94	0.66	0.64	0.84	18.34	9.92	17.48	4.6	0.8	0.54	3.98	26.08	0.3	0.02	5.78	13.26	0.06	0.14	0.9	4.26	0.5	0.28	0.7	2.7
Streptococcus_salivarius.Streptococcus_thermophilus	0.02	0.04	0.02	0.02	0	0.02	0.18	0.28	0	3.36	0	0.08	0.36	0	0.96	0.14	0.04	0.16	0.02	0.2	0.12	0.52	3.52	0	1.7	1.8	0.98	1.5	0.18	0.94	0.9	0.14	0.7	0.28	0.18	0	0	0.64	0.08	0	2.12	0	0	0.66	0.1	0.02	0.4
Streptococcus_sanguinis	0	0	0.06	0	0	0	0	0	0	0	0.06	0	0	0.04	0	0	0.02	0.02	0	0	0	0	0.02	0	0	0	0	0.02	0.02	0.06	0	0	0	0	0.04	0	0	0.1	0.02	0	0	0.08	0.3	0	0	0	0.04
Streptococcus_thermophilus	0	0	0.04	0	0	0	0.04	0	0	0.62	0	0.04	0	0	0.24	0.02	0	0	0	0	0.06	0	0	0	0.48	0	0	0	0.02	0.22	0	0	0.18	0.04	0	0.04	0	0	0	0	0	0	0	0.02	0	0.02	0.34
Streptococcus_vestibularis	0.36	0	0.28	0	5.6	0	0	0.1	0	0	0.14	0.02	0	0.02	0.08	0.04	0.52	0.08	0	0.02	0.02	0.08	0.1	0	0.14	0	0	0.28	0	2.04	0	0	0	0	0.4	0.02	0	0.9	0.12	0	0	0.72	0.28	0.1	0.02	0	0
Sutterella_wadsworthensis	0	0.06	0	0.12	0	0.06	0	0	0	0.88	0	0.08	0.42	0	0	0	0.02	0	0	0	0	0	0	0.36	0	0	0	0	0	0	0.02	0	0	0	0	0	0.02	0	0.02	0	0	0	0	0	0	0	0
Turicibacter_sanguinis	0.04	0	14.72	0.08	0	0	0	0	0	0	0	0	0	0.12	3.28	4.8	0.5	0.84	0	0.24	0	0.08	0.1	0.1	0.14	0	0	0.26	0	0.22	0	0.04	0.2	1.22	0.02	0.02	0	0.1	0	2.34	1.08	0.92	0.46	0	0	2.38	1.4
Veillonella_atypica	0.02	0	0	0.02	0.04	0	0	0	0	0	0	0	0	0.02	0	0	0.02	0.02	0	0	0	0	0	0	0	0	0	0	0	0	0	0.04	0	0	0.2	0	0	0	0	0	0	0	0	0	0	0	0
Veillonella_dispar.Veillonella_parvula	0	0	0	0	0	0	0	0	0	0	0.06	0	0	0	0.02	0	0.12	0	0	0	0	0.02	0	0	0	0	0	0	0	0	0	0	0	0	0.32	0	0	0	0	0	0	0	0	0	0	0	0
Veillonella_parvula	0	0	0	0.02	0.02	0	0	0	0	0.02	0	0	0	0	0	0	0.2	0	0	0	0	0	0	0	0	0	0	0	0	0	0.34	0	0	0	0.9	0	0	0.08	0	0	0	0	0	0	0	0	0
Weissella_confusa.Weissella_salipiscis	0	0	0	0	0	0	0	0	0	0	0	0	0	0	0	0	0	0	0	0	0	0	0	0	0	0	0	0	0.64	0	3.28	0	0	0	0	0.02	0	0.8	0.02	0	0	0	0	0	0	0	0
otu1005.Streptococcus_salivarius.Streptococcus_thermophilus	0	0	0	0	0	0	0	0	0	0	0	0	0	0	0	0.06	0.06	0	0	0	0	0	0	0	0.1	0	0	0.04	0	0	0	0	0	0	0.08	0	0	0.02	0.04	0	0.04	0	0	0	0	0	0.02
otu1006.Hallella_seregens.Prevotella_dentasini.Prevotella_fusca.Prevotella_melaninogenica.Prevotella_oris.Prevotella_stercorea.Prevotella_timonensis	0	0	0	0	0	0	0	0	0	0	0	0	0	0	0	0	0	0	0	0	0	0	0	0	0	0	0	0	0	0	0	0	0	0	0	0	0	0	0	0	0	0	0	0	0	1.06	4.14
otu1028.Blautia_luti	0.02	0.12	0	0	0.12	0.12	0.18	0.08	0.12	0	0.04	0	0.02	0.06	0.06	0	0.04	0	0.04	0	0.08	0	0	0	0.1	0.02	0.02	0	0	0.04	0.06	0	0.02	0	0.08	0	0.02	0.02	0	0	0	0.08	0	0.06	0.02	0	0.04
otu1044.Clostridium_sporosphaeroides.Faecalibacterium_prausnitzii.Heliorestis_baculata	0	0	0.14	0	0	0.22	0.06	0	0.08	0	0.1	0.16	0	0	0.28	0.3	0	0	0.06	0	0.02	0.18	0	0	0.02	0.12	0.08	0.04	0.02	0.06	0.04	0.04	0.06	0	0.04	0.22	0.08	0	0	0	0	0.02	0.14	0.02	0.02	0	0
otu106.Blautia_luti	0.7	0.12	0.14	0	0.9	2.9	0.28	0.92	1.88	0.98	1.82	1.24	1.32	0.1	1.74	0.26	0.24	0.14	5.06	0.34	2.96	1.82	0	0.34	0.02	1.32	0.78	1.26	4.86	1.26	1.16	1.62	0.94	0.16	0.26	0.6	0.08	0	0.06	0	0.08	0.54	0.1	0.1	0.06	0.18	0.1
otu1062.Roseburia_intestinalis.Roseburia_inulinivorans	0	0	0.02	0	0	0	0	0	0	0	0	0.02	0	0	0	0	0	0	0	0	0.02	0	0.04	0	0.04	0.02	0	0	0	0	0	0	0	0	0	0	0	0.06	0	0	0	0	0.04	0	0	0	0
otu1069.Lachnobacterium_bovis	0.02	0	0.06	0	0.12	0.04	0.06	0	0	0.3	0.02	0.02	0.06	0	0	0	0	0	0	0	0	0	0	0	0.12	0	0	0.02	0	0	0	0.06	0.04	0	0	0	0	0	0.04	0	0	0.02	0	0.08	0.22	0.04	0.02
otu1082.Roseburia_faecis	0	0	0	0	0	0.48	0	0	0	0	0	0.58	0	0	0	0	0	0	0	0	0	0.02	0	0	0	0	0	0	0	0	0	0	0	0	0	0	0	0	0	0	0	0	0	0	0	0	0
otu1107.Mogibacterium_diversum.Mogibacterium_neglectum	0	0	0	0	0.02	0.02	0	0	0	0	0.02	0.08	0.1	0	0.04	0.02	0	0	0	0	0	0	0	0	0.02	0	0	0.02	0.06	0.1	0.04	0	0	0.02	0	0	0	0	0	0	0	0.06	0	0	0	0	0
otu1129.Fusibacter_paucivorans	0	0	0	0.02	0	0	0.08	0	0	0.04	0.02	0	0.04	0	0	0	0	0	0.06	0	0.04	0	0.08	0.14	0.1	0	0	0.08	0.04	0.16	0.02	0.02	0.02	0	0	0	0	0	0	0	0	0.02	0.14	0	0	0	0
otu1132.Clostridium_ramosum.Clostridium_saccharogumia	0	0	0	0	0	0	4.52	0	0	2.22	3.78	0	6.62	0	0	0	2.46	0	0	0.36	0	0.02	0	0	0	0	0	0	0	0	0	0	0	0	0	0	0	0.04	0.08	0	0	0	0	0	0	2.78	2.38
otu1138.Blautia_coccoides.Blautia_producta	0	0.08	0.34	0.08	0	0	0	0	0	0	0	0	0	0	0	0	0	0	0	0	0	0.4	0	0	0	4.8	1.74	0	0.1	0	0.12	0.42	0.26	0	0	0	0	0	0	0	0	0	0	0	0	0	0
otu1147.Clostridium_xylanovorans	0	0	0	0	0	0	0	0	0	0	0	0	0	0	0	0	0.04	0	0	0.26	0.02	0	0.06	0.06	0.16	0	0	0.08	0.08	0.02	0.02	0	0	0	0	0	0	0.04	0	0	0	0	0	0	0	0	0
otu1164.Faecalibacterium_prausnitzii	0.08	0	0	0	0.02	0	0	0	0	0	0	0	0	0	0	0	0	0	0	0	0	0	0.14	0	0.04	0	0	0	0	0	0	0	0	0	0	0	0.04	0	0	0.02	0.06	0	0	0	0	0	0
otu1175.Clostridium_algidixylanolyticum	0.14	0.02	0	0	0.16	0.02	0.04	0	0.02	0	0.02	0	0	0	0	0.02	0	0	0.04	0	0.02	0	0	0	0.04	0.02	0.02	0	0	0	0.02	0	0	0	0	0	0	0	0	0.02	0.04	0.02	0	0	0.02	0	0
otu1252.Hallella_seregens.Prevotella_dentasini.Prevotella_fusca.Prevotella_melaninogenica.Prevotella_oris.Prevotella_stercorea.Prevotella_timonensis	0	0	0	0	0	0	0	0	0	0	0	0	0	0	0	0	0	0	0	0	0	0	0	2.26	0	0	0	0	0	0	0	0	0	0	0	0	0	0	0	0	0	0	0	0	0	0	0
otu1301.Clostridium_viride	0	0	0	0	0	0	0	0	0	0	0	0	0	0	0	0	0	0	0	0	0	0	0	0.04	0	0	0	0.26	0	0.24	0	0	0	0	0	0	0	0	0	0	0	0	0.02	0	0	0	0
otu1362.Butyricicoccus_pullicaecorum.Clostridium_methylpentosum.Hydrogenoanaerobacterium_saccharovorans.Ruminococcus_bromii.Ruminococcus_callidus.Ruminococcus_flavefaciens	0	0	0	0	0	0	0	0	0	0	0	0	0	0	0	0	0	0	0	0.14	0	0	0	0	0	0	0	0	0	0	0	0	0	0	0	0	0	0.04	0.08	0	0	0	0	0	0	0	0
otu1371.Butyricicoccus_pullicaecorum.Clostridium_methylpentosum.Clostridium_sporosphaeroides.Ruminococcus_bromii	0	0	0	0	0	0	0	0	0	0	0	0	0	0	0	0	0	0	0	0	0	0	0	0	0	0	0	0	4.8	0	0	0	0	0	0	0	0	0	0	0	0	0	0	0	0	0	0
otu1382.Parvibacter_caecicola	0	0	0	0	0	0	0	0	0	0	0	0	0	0	0	0	0	0	0	0	0	0	0.26	0	0.22	0	0	0	0	0	0	0	0	0	0	0	0	0	0	0	0	0	0	0	0	0	0
otu1404.Roseburia_inulinivorans	0.02	0.36	0.26	0.84	0.28	0	0.32	0	0.22	0.04	0.3	0.02	0	0.5	0.02	0.02	0.14	0.46	0.9	8.92	0.08	0.08	0	0	0	0.16	0.1	0	0.08	0	0.1	0.14	0.42	0.12	2.12	0.04	0	0.02	0	1.9	0.4	0.78	0.22	0	0	0.04	0.12
otu142.Paraprevotella_clara	0	0.08	0	0	0	0	0.14	0.02	0.02	0	0.06	0	0	0	0	0	0	0	0.06	0	0.26	0	0	0	0	0	0	0	0	0	0	0	0	0	0	0	0	0	0	0	0	0	0	0	0	0	0
otu1424.Clostridium_herbivorans.Clostridium_polysaccharolyticum	0.06	0	0	0	0	0	0	0.02	0	0.02	0	0	0	0	0	0.02	0	0.04	0	0.04	0	0	0	0.2	0.02	0.14	0.04	0.06	0	0	0	0.18	0.04	0	0	0	0.04	0	0	0	0	0	0.02	0	0.02	0	0
otu1439.Anaerostipes_caccae.Blautia_coccoides.Blautia_luti.Blautia_producta.Blautia_schinkii.Clostridium_algidixylanolyticum.Clostridium_aminophilum.Clostridium_amygdalinum.Clostridium_bolteae.Clostridium_celerecrescens.Clostridium_fimetarium.Clostridium_hathewayi.Clostridium_indolis.Clostridium_lavalense.Clostridium_methoxybenzovorans.Clostridium_saccharolyticum.Clostridium_sphenoides.Clostridium_symbiosum.Clostridium_xylanolyticum.Clostridium_xylanovorans.Lactonifactor_longoviformis.Parasporobacterium_paucivorans.Pseudobutyrivibrio_ruminis.Robinsoniella_peoriensis.Roseburia_inulinivorans.Ruminococcus_gauvreauii	0.1	0	0.3	0	0.04	0	0	0.04	0	0	0.04	0	0	0.02	0.34	0.1	0	0	0	0	0.04	0.38	0.02	0	0	0.06	0	0.04	0.64	0.02	0.24	0.04	0.02	0	0	0.02	0	0	0	0	0	0.08	0.06	0	0	0	0
otu1452.Clostridium_lactatifermentans	0	0	0	0	0	0.04	0	0.04	0.32	0	0	0.18	0	0	0	0	0	0	0	0	0.02	0	0	0.34	0	0	0	0.08	0	0	0	0	0	0	0	0.02	0	0	0	0	0	0	0.02	0	0	0	0
otu1465.Butyricimonas_virosa	0	0.04	0	0.1	0	0.02	0	0	0	0.04	0	0	0	0.04	0.04	0.04	0	0.02	0	0	0.02	0	0	0.12	0	0	0.1	0	0	0	0.02	0	0	0.02	0	0	0	0	0.02	0	0	0.04	0	0	0	0	0
otu1469.Roseburia_inulinivorans	0.02	0	0	0	0.08	0.36	0.02	0	0	0	0.12	0.02	0	0.06	0.04	0.02	0	0.1	0.26	0	0.76	0	0	0.04	0	0	0	0	0	0	0	0.72	0.34	0	0.44	0	0.04	0	0	0.06	0.12	0.22	0	0.02	0.02	0	0
otu1474.Clostridium_mayombei	0.04	0	0	0	0.02	0	0	0	0	0	0	0	0	0	0	0	0.22	0	0	0.9	0	0	0	0	0	0	0	0.02	0	0.14	0	0	0.08	0	0	0	0	0.22	0	0	0	0.38	0.54	0	0	0	0
otu1478.Clostridium_termitidis	0	0	0	0	0	0.06	0	0	0	0	0	0.04	0	0	0	0	0.06	0	0	0.04	0	0	0	0.46	0	0	0	0	0	0	0	0	0	0	0	0.14	0.04	0.02	0.14	0.7	0.8	0	0	0.08	0.1	0	0.22
otu1482.Coprobacillus_cateniformis	1	0	0	0	1.72	0	0	0	0	0	0	0	0	0	0.08	0.12	0	0	0	0	0.04	0	0	0	0	0	0	0.12	0.26	0.04	0.12	0	0	0	0.8	0	0	0	0	0	0	0	0	0.02	0.02	0.28	0
otu1483.Clostridium_saccharoperbutylacetonicum	0	0	0	0	0	0	0	0.26	0	0	0	0	0	0	0	0.38	1.2	0	0	1.14	0	0	0	0	0	0	0	0.02	0	0.1	0	0	0.04	0	0	0	0	0.2	0	0	0	0	0	0	0	0	0
otu1486.Anaerotruncus_colihominis	0	0.06	0.04	0	0.02	0	0	0	0	0	0	0	0	0.02	0.02	0	0	0.06	0	0	0	0	0.08	0.06	0.12	0	0	0	0	0	0	0.02	0.1	0.02	0	0	0	0	0	0	0	0.02	0	0	0	0	0
otu1522.Clostridium_glycyrrhizinilyticum.Roseburia_faecis	0	0	0	0	0	0.08	0	0	0.12	0.18	0	0.02	0.08	0	0	0.02	0	0	0	0	0	0	0	0	0	0	0	0	0	0	0	0	0.02	0	0	0	0.02	0	0	0	0	0	0.02	0	0	0	0.04
otu1545.Clostridium_nexile.Robinsoniella_peoriensis	0	0	0	0	0.06	0.22	0	0	0	0	0	0.08	0	0	0	0	0.02	0	1.5	0	0.04	0	0	0	0	0.06	0.06	0	0.08	0	0	0	0	0	0.06	0	0	0	0	0.02	0.04	0	0	0	0	0	0
otu156.Clostridium_bolteae	0.12	0.02	0	0	0.24	0.68	0.24	0.2	0.02	0.04	0.56	0.1	0.06	2.58	0.18	0.24	0.62	1.46	0.72	0.72	0.66	0.02	0.08	0	0.6	0	0	0.18	0	0.08	0.02	3.54	0.82	0.02	0.04	0.2	0.04	0.02	0.14	0.06	0.02	0	0.02	0	0.1	0.36	0.1
otu1578.Anaerovorax_odorimutans	0.18	0.02	0	0	0	0	0	0	0	0.02	0	0	0.36	0	0	0	0	0	0.04	0	0	0	0	0.02	0	0.04	0	0	0.1	0	0	0	0	0	0	0	0	0	0	0	0	0.04	0	0	0	0	0
otu1585.Ruminococcus_champanellensis	0	0	0	0	0.04	0	0	0	0	0	0.02	0.08	0.02	0	0.02	0.04	0.06	0.02	0	0.04	0	0	0	0.02	0	0.06	0.06	0	0	0	0	0	0	0	0	0	0	0	0	0	0.02	0.02	0	0	0.02	0	0
otu1588.Subdoligranulum_variabile	0	0	0	0	0	0	0	0.18	0.04	0.26	0	0	0.12	0.08	0.24	0.02	0.02	0.02	0.22	0.02	0.18	0	0	0	0	0	0	0.24	0.14	0.04	0	0.16	0.12	0	0.06	0.1	0.1	0	0	0.08	0.26	0.08	0.18	0.02	0.1	0	0.04
otu1600.Ruminococcus_callidus	0	0	0	0	0	0	0.08	0	0	0	2	0	0	0	5.66	3.14	0	0	1.6	0	0.58	0	0	0	0	0	0	0	0	0	0	1.92	0.6	0	0	0	0	0	0	0	0	3.08	0	0	0	0	0
otu1622.Dorea_longicatena	0	0	0.02	0	0.02	0.1	0.02	0	0	0.02	0	0	0.02	0.04	0	0	0.04	0	0	0	0	0	0	0	0	0	0.02	0	0	0	0	0	0	0	0.08	0.02	0.02	0	0	0	0	0	0	0	0	0	0.04
otu1623.Dorea_longicatena	0.12	0	0	0	0	0	0	0	0	0	0	0	0	0	0	0	0	0	0.04	0	0.18	0.02	1.3	0	0.72	0	0	0	0	0.02	0	0	0	0	0	0	0	0	0	0	0	0	0	0	0	0.06	0
otu1643.Pseudoflavonifractor_capillosus	0.02	0.18	0.16	0.02	0.04	0	0	0.04	0.06	0.02	0	0	0.02	0	0.02	0.02	0	0.04	0.02	0.04	0	0.02	0	0.08	0	0.06	0.04	0.06	0.04	0	0.02	0.06	0	0.04	0	0	0.06	0	0	0.06	0.02	0.02	0	0	0	0.02	0
otu1652.Coprococcus_comes	0.1	0	0	0	0.18	0.04	0.06	0.02	0.14	0	0.08	0.02	0	0.08	0.02	0	0.02	0.08	0	0	0	0	0	0	0	0	0	0	0	0	0	0	0	0.02	0	0	0	0	0	0	0.02	0	0	0	0	0	0.06
otu1676.Oscillibacter_valericigenes	0	0.04	0	0.2	0	0.24	0.42	0.18	0.06	0	0.18	0.36	0	0.06	0	0.6	0.02	0.04	0	0.04	0	0	0	0.48	0	0	0	0	0.04	0	0.02	0	0	0.38	0	0.1	0.06	0.02	0.12	0	0	0.08	0	0	0	0	0.06
otu1683.Butyricicoccus_pullicaecorum.Clostridium_viride.Flavonifractor_plautii.Hydrogenoanaerobacterium_saccharovorans.Intestinimonas_butyriciproducens.Oscillibacter_valericigenes.Oscillospira_guilliermondii.Parvimonas_micra.Pseudobutyrivibrio_ruminis.Pseudoflavonifractor_capillosus.Ruminococcus_flavefaciens	0	0	0	0	0	0	0.9	0.36	0.04	0	1.12	0	0	0.58	0.28	0.52	0.06	0.94	0	0.36	0.02	0	0	2.32	0	0	0	0	0	0	0	0.48	0.5	0	0	0.3	0.18	0.04	0.3	0.4	0.28	0.32	0.64	0	0.02	0.3	0.1
otu171.Blautia_coccoides.Roseburia_faecis.Roseburia_hominis.Roseburia_intestinalis.Roseburia_inulinivorans	0	0	0	0	0	0	0	0	0	0	0	0	0	0	0	0	0	0.08	0	0.04	0	0	0	0	0	0	0	0	0	0	0	0	0	0	0	0	0	0	0	0	0	0	0	0	0	0	0
otu1730.Blautia_glucerasea	0	0	0	0.02	0	0	0	0	0.08	0.02	0.02	0	0.06	0.02	0.02	0	0	0.04	0	0	0	0	0	0	0	0.04	0.08	0	0	0	0	0	0	0.02	0.02	0.04	0	0	0	0	0	0.02	0	0	0	0	0.02
otu1734.Alicyclobacillus_acidiphilus.Alicyclobacillus_fastidiosus.Brevibacillus_panacihumi.Enterococcus_faecium.Enterococcus_ratti.Paenibacillus_sepulcri.Paenibacillus_taihuensis.Paenibacillus_validus.Rummeliibacillus_pycnus.Rummeliibacillus_stabekisii.Rummeliibacillus_suwonensis.Thermicanus_aegyptius	0	0	0	0	0	0	0	0	0	0	0	0	0	0.2	0	0	0	0.38	0	0	0	0	0	0.08	0	0	0	0	0	0	0	0	0	0.06	0	0	0	0	0.02	0.98	0.46	0	0	0	0	0	0
otu174.Holdemania_filiformis	0	0	0.14	0.02	0	0.02	0.04	0.02	0	0	0.02	0.02	0.08	0.06	0.04	0.04	0	0.04	0.12	0	0.12	0.06	0	0.02	0	0.08	0.02	0.16	0.16	0.08	0.06	0.06	0.04	0.04	0	0	0	0.04	0	0.02	0.02	0.06	0.04	0	0	0.02	0
otu1764.Roseburia_inulinivorans	0.06	0	0.16	0	0.1	0.04	0	2.4	0	0	0	0.1	0.02	0.34	0.18	0.54	0.1	0.06	0	0.1	0.08	0.12	0.8	0.92	0.54	0	0	0.04	0.62	0.14	0.46	0.04	0.02	0.04	0	0	0.02	0	0	0.02	0.12	0.9	0.04	0	0	0.02	0
otu1765.Eggerthella_lenta.Eggerthella_sinensis	0	0.06	0	0.02	0	0	0	0	0	0.76	0	0	3.42	0	0	0	0	0	0	0	0	0	0	0.08	0	0	0	0	0	0	0	0	0	0	0	0	0	0	0	0	0.06	0	0	0	0	0.02	0.02
otu1777.Blautia_coccoides.Blautia_hansenii.Blautia_producta.Dorea_longicatena.Ruminococcus_lactaris	0	0.02	0	0.02	0	0	0	0	0.02	0.02	0	0	0	0.02	0	0	0	0	0	0	0	0	0	0	0	0	0.06	0	0	0	0	0	0	0	0	0	0.02	0	0	0	0	0.06	0.06	0.04	0.04	0	0.02
otu1783.Alistipes_indistinctus	0.08	0	0	0	0	0.02	0	0.12	0	0.04	0	0.24	0.06	0.02	0	0	0	0.02	0	0.02	0	0	0	0.06	0	0	0.02	0	0	0	0	0	0	0.12	0	0	0	0	0	0	0	0.04	0.02	0	0	0	0
otu180.Faecalibacterium_prausnitzii.Gemmiger_formicilis	0	0	0	0	0	0.58	0	0	0.02	0.02	0	0.46	0.1	0.04	0.12	0.04	0.06	0.02	0	0.06	0	0	0	0	0.04	0	0	0.08	0.02	0.06	0.02	0.04	0.04	0	0	0	0	0.02	0	0.04	0.08	0.04	0.02	0.04	0.08	0	0
otu1801.Ruminococcus_champanellensis	0	0	0	0	0	0	0	0	0	0	0	0	0	0	0	0	0	0	0	0	0	0	0	0	0	0	0	0	0	0	0	0	0	0	0	1.18	0.44	0	0	0	0	0	0	0	0	0	0
otu1810.Roseburia_hominis	0	0	0	0	0	0.22	0	0.04	0.02	0	0	0.54	0	0	0	0.02	0	0	0	0	0	0.04	0	0	0	0	0	0.08	0	0.24	0.02	0	0	0.12	0	0	0	0.02	0	0	0.02	0	0	0	0	0.04	0.08
otu1818.Oscillibacter_valericigenes	0	0	0	0.02	0	0.06	0	0	0	0	0	0.02	0	0.02	0.02	0.02	0	0	0.02	0.04	0.02	0.02	0	0.02	0.02	0.02	0	0	0.06	0	0.02	0.02	0	0	0.02	0.02	0.02	0	0	0.06	0.02	0.02	0.02	0	0	0	0
otu1831.Clostridium_cellobioparum.Clostridium_sufflavum.Clostridium_termitidis.Faecalibacterium_prausnitzii	0	0	0	0	0	0.04	0	0	0	0	0	0.14	0	0.06	0	0	0	0	0	0	0	0	0	0.02	0	0	0	0	0	0	0	0	0	0	0	0	0	0.12	0.06	0	0	0	0	0	0	0.22	0.36
otu1855.Coprococcus_comes	0.18	0	0	0	0.22	0.08	0.22	0.02	0.08	0.04	0.32	0.08	0.08	0.16	0.1	0.08	0.06	0.24	0	0	0.02	0	0	0.02	0	0.04	0.06	0.3	0	0.46	0	0	0	0.02	0	0	0	0	0	0.06	0.02	0.08	0.06	0.04	0	0	0
otu1881.Dorea_longicatena	0	0	0	0	0	0	0	0.02	0	0.04	0	0	0	0	0	0.04	0.02	0	0	0	0	0	0	0	0	0	0	0	0	0.02	0	0	0	0	0	0	0	0	0.02	0	0	0.04	0.02	0	0	0.02	0.02
otu1899.Cellulosilyticum_ruminicola	0	0	0	0	0	0	0	0	0	0	0	0	0	0	0	0	0.5	0	0	0.04	0	0	0	0	0	0	0	0	0	0	0	0	0	0	0	0	0	0	0	0	0	0	0	0	0	0	0
otu1935.Howardella_ureilytica	0.1	0	0	0	0.04	0	0	0	0	0.04	0	0	0.12	0	0	0	0.02	0.02	0	0.12	0	0	0	0	0	0	0	0	0	0	0	0	0	0.04	0	0	0	0	0	0	0	0	0	0	0	0.04	0.06
otu1944.Anaerovorax_odorimutans	0	0	0	0	0	0	0	0.08	0	0	0	0	0	0	0	0	0.06	0	0	0.02	0	0	0.28	0.32	0.1	0	0	0	0	0	0	0	0	0	0	0	0.04	0.14	0	0.04	0.04	0	0.02	0	0	0	0.02
otu1947.Clostridium_gasigenes.Clostridium_paraputrificum.Clostridium_septicum	0	0	0	0	0	0	0	0	0	0	0	0	0	0	0	0	0.66	0	0.42	0.04	0	0	0	0	0	0	0	0.02	0	0	0	0	0.1	0	0	0	0	0	0	0.32	0.04	0	0	0	0	0	0
otu1980.Clostridium_viride.Oscillibacter_valericigenes	0	0	0	0	0	0	0.08	0.02	0	0	0.22	0	0	0.1	0.1	0.32	0.68	0.3	0	0.76	0	0	0.1	0.56	0.16	0	0	0	0	0	0	0	0	0.68	0	0.06	0.06	0.5	0.02	0.1	0.16	0.02	0.02	0	0	0.08	0.02
otu1987.Clostridium_cellulosi.Clostridium_methylpentosum.Faecalibacterium_prausnitzii.Papillibacter_cinnamivorans.Ruminococcus_flavefaciens	0	0	0.44	0	0	0	0	0	0	0.26	0	0.02	0.12	0	0	0	0.04	0	0	0	0	0	0	0	0	0	0	0	0.04	0	0.02	0	0	0	0	0	0	0	0	0	0	0	0	0	0	0	0.02
otu204.Blautia_luti	0.2	1.02	0	0.02	1.5	1.6	0.32	0.46	0.26	0.18	0.64	0.52	0.36	0.06	0.4	0.22	0.36	0.04	1.7	0.46	2.14	0	0.2	0.14	2.06	0.46	0.38	0.9	2.58	0.1	5.14	0.06	0.12	0.06	0.52	1.72	0.24	0.04	0.04	0.04	0.08	0.84	0.16	1.96	0.74	0.08	0.46
otu2049.Cupriavidus_necator	0	0	0.22	0	0	0	0	1.68	0.3	0	0	0	0	0	0	0	0	0	0	0	0	0.04	0	0	0	0	0	0	0	0	0	0	0	0	0.02	0	0	0	0	0	0	0	0	0	0	0	0
otu2052.Clostridium_termitidis	0	0	0	0	0	0	0	0	0	0.08	0.08	0	0.16	0.06	0.04	0	0.02	0.14	0.14	0.04	0.08	0	1.58	0.22	0.98	0	0	0.16	0	0.12	0	0	0	0	0	0	0	0	0	0	0	0.02	0.04	0	0	0.08	0
otu2054.Clostridium_glycyrrhizinilyticum	0	0	0	0	0	0.1	0	0	0.1	0.58	0	0.06	0.96	0	0.36	0.04	0	0	0.1	0.02	0.04	0	0.08	0.04	0.08	0	0	0.1	0	0	0	0.06	0.02	0	0.1	0.32	0.06	0	0.04	0	0	0	0	0.06	0.1	0	0.02
otu2056.Bacteroides_stercoris	0.06	0.06	0	0	0	0	0	0	0	0	0.02	0	0	0	0	0	0	0	0.04	0	0.02	0	0.02	0.02	0	0	0.08	0	0.06	0	0.08	0	0	0	0.02	0.08	0.02	0	0	0	0	0.1	0	0	0	0	0
otu2071.Alkalitalea_saponilacus.Butyricimonas_virosa.Mucilaginibacter_daejeonensis.Mucilaginibacter_gracilis.Mucilaginibacter_paludis.Natronoflexus_pectinivorans.Olivibacter_ginsengisoli.Olivibacter_jilunii.Olivibacter_oleidegradans.Olivibacter_soli.Olivibacter_terrae.Parabacteroides_distasonis.Parapedobacter_koreensis.Pedobacter_bauzanensis.Prevotella_loescheii.Sphingobacterium_anhuiense.Sphingobacterium_bambusae.Sphingobacterium_composti.Sphingobacterium_daejeonense.Sphingobacterium_faecium.Sphingobacterium_hotanense.Sphingobacterium_kitahiroshimense.Sphingobacterium_kyonggiense.Sphingobacterium_mizutaii.Sphingobacterium_multivorum.Sphingobacterium_shayense.Sphingobacterium_spiritivorum.Sphingobacterium_thalpophilum	0	0	0	0	0	0	0	0	0	0	0	0	0	0	0	0	0	0	0	0	0	0	0	0.9	0	0	0	0	0	0	0	0	0	0	0	0	0	0	0	0	0	0	0	0	0	0.14	0.32
otu2106.Fusicatenibacter_saccharivorans	0	0.1	0.18	0	0.56	0.8	0.86	0.32	0.92	0.04	0.52	0.16	0	0.7	0	0.02	0.36	1.46	0.46	1.04	0.58	0.5	0.02	0	0.26	0	0	2.02	0.06	3.78	0.12	0.6	0.64	0.2	0.02	0.28	0.06	0.02	0.06	0	0.04	0.16	0.1	0	0	0.1	0.04
otu2115.Mogibacterium_pumilum	0	0	0.02	0	0	0	0	0	0	0	0.02	0	0	0.06	0	0	0	0.04	0	0.02	0	0	0	0	0	0	0	0.16	0	0.08	0	0	0	0.08	0	0	0	0	0	0	0	0.04	0.06	0	0	0	0
otu2142.Blautia_hansenii	0.02	0	0	0	0.16	0	0	0	0	0.44	0	0	0.9	0	0	0	0	0	0	0	0	0	0	0	0	0	0	0	0	0	0	0	0	0	0	0	0	0	0	0	0	0	0	0	0	0	0
otu2162.Anaerofilum_agile.Anaerofilum_pentosovorans	0.32	0.02	0.5	0	0.2	0.08	0.02	0	0	0	0.06	0.08	0.14	0.02	0.24	0.04	0.04	0.06	0.06	0.1	0.1	0.12	0.04	0.4	0.02	0.2	0.12	0.14	0.32	0.26	0.04	0.04	0.02	0.04	0.08	0.02	0	0	0.06	0	0	0.02	0.04	0.04	0.06	0.06	0.04
otu2178.Saccharofermentans_acetigenes	0.04	0.04	0	0.02	0.08	0	0.06	0.02	0.02	0.04	0	0	0	0.1	0.04	0.02	0.02	0.02	0.04	0.02	0.04	0	0	0.04	0.06	0.06	0	0.04	0	0.02	0.04	0.04	0	0.02	0	0	0.08	0	0.04	0.08	0.04	0	0.02	0	0.02	0.04	0.02
otu2200.Clostridium_symbiosum	0	0	0.02	0.02	0	0	0.02	0	0.08	0.14	0.06	0	0.02	0	0	0	0	0	0.46	0	0.06	0	0	0	0	0.5	0.16	0.04	0.12	0	0.18	0	0	0	0	0.12	0.34	0	0	0	0	0	0	0	0	0	0
otu2219.Streptococcus_oralis	0	0	0	0.02	0	0	0	0	0	0	0	0	0.02	0.02	0.02	0.02	0	0	0	0	0	0	0	0	0	0	0	0.02	0	0	0	0	0	0	0	0	0	0.02	0.04	0	0	0	0	0	0	0.08	0.06
otu226.Ruminococcus_albus	0	0	0	0	0	0	0	0	0	0	0	0	0	0	0	0	0	0	0	0	0	0	0	0	0	0	0	0	0	0	0	0	0	0	0	0	0	0	0	0	0	0	0	0	0	0.68	0.96
otu2267.Clostridium_symbiosum	0	0	0	0	0	0.08	0	0	0	0.02	0	0.12	0.08	0	0	0	0.22	0	0	0.04	0	0	0.02	0	0	0	0	0.04	0	0.02	0	0	0	0.04	0	0	0.12	0	0	0.02	0.02	0	0.4	0	0	0.04	0
otu227.Oscillibacter_valericigenes	0	0.08	0	0	0	0	0	0	0	0	0	0	0	0	0	0	0.04	0	0.04	0.04	0	0	0.1	0	0.18	0	0	0	0	0	0	0	0	0	0	0	0	0	0	0	0	0	0	0	0	0	0
otu2279.Acetanaerobacterium_elongatum.Acetivibrio_cellulolyticus.Anaerofilum_agile.Anaerofilum_pentosovorans.Anaerotruncus_colihominis.Clostridium_aldrichii.Clostridium_cellobioparum.Clostridium_clariflavum.Clostridium_straminisolvens.Clostridium_termitidis.Ethanoligenens_harbinense.Faecalibacterium_prausnitzii.Linmingia_china.Oscillibacter_valericigenes.Papillibacter_cinnamivorans.Saccharofermentans_acetigenes	0	0	0	0	0	0	0	0.08	0.32	0.28	0	0	0.8	0.02	0	0	0.06	0.24	0	0.04	0	0	0	0	0	0	0	0	0	0	0	0	0	0	0	0	0	0.5	0.06	0	0	0	0	0	0	0.04	0.12
otu2282.Azospirillum_brasilense.Azospirillum_canadense.Azospirillum_rugosum.Christensenella_minuta.Clostridium_botulinum.Clostridium_cochlearium.Clostridium_grantii.Clostridium_oceanicum.Clostridium_sporogenes.Clostridium_tepidiprofundi.Desulfotomaculum_alcoholivorax.Desulfotomaculum_arcticum.Desulfotomaculum_geothermicum.Dialister_invisus.Dialister_micraerophilus.Dialister_propionicifaciens.Megasphaera_cerevisiae.Parvimonas_micra.Pelotomaculum_terephthalicicum	0	0	0	0	0	0	0	0	0	0	0	0	0	0	0	0	0.04	0	0	0.02	0	0	0	2.82	0	0	0	0.96	0	9.2	0	0	0	0	0	0	0	0	0.1	0	0	0	0	0	0	0.6	0.76
otu2305.Blautia_glucerasea	0.06	0	0	0	0.06	0.02	0	0	0	0.02	0	0.06	0	0	0	0	0	0	0.02	0	0.02	0	0	0	0	0	0	0	0.02	0	0	0.02	0.04	0	0	0	0	0	0	0	0	0	0	0	0	0	0
otu2330.Faecalibacterium_prausnitzii	0	0	0	0	0	0.02	0.08	0	0	0	0.02	0	0	0	0	0	0.08	0	0	0	0	0	0	0	0	0	0	0	0	0	0	0	0	0.02	0.04	0	0	0.1	0.32	0	0.02	0	0.02	0	0	0.04	0.02
otu2332.Clostridium_glycyrrhizinilyticum	0.12	0.1	0	0.04	0.04	0.08	0	0	0	0	0	0.06	0	0	0	0.02	0	0	0.04	0	0	0	0	0.02	0	0	0	0	0	0.02	0.02	0	0.02	0	0	0	0	0	0	0	0	0	0.02	0	0	0	0
otu2333.Faecalibacterium_prausnitzii	0	0	0	0	0	0	0	0	0	0	0	0	0	0.02	0	0.02	0	0	0	0	0	0	0	0	0	0	0	0.02	0	0	0	0	0.02	0.04	0	0	0	0.02	0.28	0.26	0.38	0	0.04	0	0	0.26	0.06
otu2376.Roseburia_faecis.Roseburia_hominis.Roseburia_intestinalis	2.06	1	0.1	0.04	2.14	0	0.04	5.62	0.44	0.02	0	0	0.04	3.48	0.46	0.92	0.48	4.08	0	0.9	0.32	1.94	0	0.14	0	2.52	4.64	0.14	0	0	0	6.74	3.72	1.18	0.32	6.58	0.9	0	0	0.12	0	0.98	2.08	0	0.3	0	0.06
otu2403.Anaerovorax_odorimutans.Mogibacterium_timidum	0	0.08	0.04	0	0	0.02	0	0	0	0	0.02	0	0.02	0	0	0	0	0	0	0	0	0.06	0	0	0	0	0	0	0.12	0	0	0	0	0.02	0	0	0	0	0	0	0	0	0.04	0	0	0	0.02
otu2404.Barnesiella_intestinihominis.Barnesiella_viscericola.Coprobacter_fastidiosus.Parabacteroides_distasonis.Paraprevotella_clara.Paraprevotella_xylaniphila.Prevotella_albensis.Prevotella_fusca.Prevotella_maculosa.Prevotella_melaninogenica.Prevotella_nigrescens.Prevotella_oris.Prevotella_salivae.Prevotella_scopos	0	4.38	0	0.08	0	0	0	0	0	0	0	0	0	0	0	0	0	0	0	0	0	0	0	0	0	0	0	0	0	0	0	0	0	0	0	0	0	0	0	0	0	0	0	0	0	0	0
otu2408.Coprococcus_catus.Faecalibacterium_prausnitzii.Ruminococcus_callidus.Ruminococcus_champanellensis.Subdoligranulum_variabile	0	0	10.24	0	0	3.64	0.04	0.6	0.12	0.28	0.12	3.12	0.68	0.68	3.78	1.96	3.16	0.96	1.48	4	2.52	2.88	0.42	0.74	1.36	0	0	5.16	1.3	5.38	0.88	2.78	0.62	2.76	2.96	1.42	0.92	0.56	4.44	7.68	11.82	1.04	2.5	14.1	20.02	4.92	4.98
otu2413.Parasutterella_secunda	0	0	0	0	0	0	0.04	0	0	0	0.02	0	0	0	0	0	0	0	0.02	0	0.26	0	0	0	0	0	0	0	0	0	0	0	0	0	0	0	0.02	0	0	0.02	0	0	0	0	0	0	0
otu2462.Faecalibacterium_prausnitzii.Gemmiger_formicilis	0	0	0	0	0	0.06	0	0	0	0.02	0	0.02	0	0	0.08	0	0.04	0	0.02	0	0	0	0	0	0	0	0	0.02	0.02	0	0.04	0.04	0.06	0	0.02	0	0	0.02	0	0.02	0.2	0.08	0	0	0	0	0.02
otu249.Blautia_glucerasea.Blautia_schinkii	0.32	0.5	2.14	0.1	0.38	0.14	0	0	0	0.26	0.04	0.04	0.14	0	0.04	0.04	0	0	0.42	0	0.3	1.52	0	0	0	4.4	2.12	0.04	5.28	0.02	1.3	0.16	0.48	0.02	0	0.02	0.02	0	0	0	0	0.02	0	0	0	0	0
otu2527.Clostridium_indolis.Clostridium_lavalense.Clostridium_methoxybenzovorans.Clostridium_xylanolyticum	0	0.04	0	0	0	0	0.02	0.1	0.04	0	0	0	0	0	0	0.02	0	0	0	0	0	0	0	0.12	0	0	0	0.02	0	0	0	0	0	0.04	0.04	0	0.04	0.02	0.04	0	0	0	0	0	0	0	0
otu2538.Anaerotruncus_colihominis.Faecalibacterium_prausnitzii.Oscillibacter_valericigenes.Papillibacter_cinnamivorans	0	0	0	0	0	0	0	0	0	0	0	0	0	0	0	0	0.08	0	0	7.42	0	0	0	0	0	0	0	0	0	0	0	0	0	0	0	0	0	0	0.06	0	0	0	0	0	0	0	0
otu2540.Clostridium_cellulosi.Ethanoligenens_harbinense.Eubacterium_coprostanoligenes.Faecalibacterium_prausnitzii.Linmingia_china.Ruminococcus_albus	0.18	0	13.18	0	4.24	2.5	0	0.96	0.02	0	0	2.28	0	0	0	0.12	0	0	0	0	0	4.22	0	0	0	0	0	1.9	0	1	0	0	0	3.64	0	0	0	0	0	0	0	3.06	2.08	0.3	0.16	0	0
otu2553.Roseburia_inulinivorans	0.04	0	0	0	0	0.04	0	0	0	0	0	0	0	0	0	0	0	0	0	0	0.1	0	0	0.08	0	0	0	0	0	0.02	0	0.02	0.02	0	0.14	0.04	0	0	0	0.08	0.1	0	0	0	0	0	0
otu2554.Clostridium_symbiosum	0	0	0	0	0	0.5	0.1	0.14	0.04	0	0.12	1.66	0	0.02	0.18	0.08	0.04	0	0	0.28	0.04	0	0	0.68	0	0	0	0	0	0	0	0	0.02	0.06	0	0.16	0.12	0.02	0.12	0.04	0.04	0.08	0.06	0.02	0.04	0.12	0.18
otu2555.Coprococcus_eutactus	0	0	0	0	0	0	0	0	0	0	0	0	0	0	0.1	0	0	0	0	0	0	0	0	0	0	0	0	0	1.2	0	0.7	0.52	0	0	0	0.3	1.26	0.42	0.1	0	0	1.2	0.38	0	0	0	0
otu2575.Clostridium_alkalicellulosi.Faecalibacterium_prausnitzii.Heliorestis_baculata.Ruminococcus_bromii.Ruminococcus_champanellensis.Ruminococcus_flavefaciens.Schwartzia_succinivorans	0	0	0	0	0	0	4.76	0	0	0	5.4	0	0	0	1.1	4.2	0.1	0	0	0.02	0	0	0	0	0	0	0	0	1.18	0	0.16	0	0	0	0	0	0	5.34	0.58	0	0	0	0	0	0.6	0.04	0.46
otu259.Anaerotruncus_colihominis.Eubacterium_coprostanoligenes.Faecalibacterium_prausnitzii.Oscillibacter_valericigenes.Papillibacter_cinnamivorans	0	0	0	0	0	0.04	0	0	0	0.2	0	0.12	0.2	0	0	0	0	0	0	0	0	0	0	0	0	0.8	0.16	0	0	0	0	0	0	0	0	0	0.02	0	0	0	0	0	0	0	0	0	0
otu2599.Oscillibacter_valericigenes	0	0	0	0	0	0	0	0	0	0	0	0	0	0	0	0	0	0.02	0	0	0	0	0	0	0	0	0	0	0	0	0	0	0	0.64	0	0	0	0	0	0.04	0.02	0	0	0	0	0	0.04
otu2604.Defluviitalea_saccharophila.Desulfotomaculum_thermobenzoicum.Thermoanaerobacterium_aciditolerans.Thermoanaerobacterium_aotearoense.Thermoanaerobacterium_islandicum.Thermoanaerobacterium_saccharolyticum.Thermoanaerobacterium_thermosaccharolyticum.Thermoanaerobacterium_thermostercus.Thermoanaerobacterium_xylanolyticum.Thermoanerobacter_brockii	0	0	0	0	0	0	0	0	0	0	0	0	0	0	0	0	0	0	0	0	0.02	0	0.84	0	0.9	0	0	0	0	0	0	0	0	0	0	0	0	0	0	0	0	0	0	0	0	0	0
otu261.Blautia_producta	0	0.02	0.16	0.04	0	0.04	0	0	0	0.22	0.02	0	0.16	0	0	0	0	0	0	0	0	0.28	0.04	0	0	0.24	0.06	0.2	0.4	0.28	0.1	0.06	0.02	0	0.02	0.06	0.02	0	0	0	0	0	0	0	0	0	0
otu2642.Fusobacterium_necrogenes.Fusobacterium_perfoetens	0	0	0	0	0	0	0	0	0	0	0	0	0	0	0	0	0	0	0	0	0	0	0	0.06	0	1.26	3.56	0	0	0	3.16	0	0	0	0	0	0	0	0	0	0	0	0	0	0	0	0
otu2656.Cohnella_formosensis.Enterococcus_azikeevi.Enterococcus_faecium.Enterococcus_hirae.Enterococcus_italicus.Enterococcus_ratti.Enterococcus_villorum.Paenibacillus_xinjiangensis.Rummeliibacillus_pycnus.Rummeliibacillus_stabekisii.Rummeliibacillus_suwonensis	0	0	0	0	0	0	0	0	0	0	0	0	0	0	0	0	0	0	0	0	0	0	0	0	0	0	0	0	0	0	0	0	0	0	0	0	0	0	0	0	0	0.5	0.14	0	0	0	0
otu2659.Acetanaerobacterium_elongatum.Anaerotruncus_colihominis.Clostridium_methylpentosum.Clostridium_sporosphaeroides.Faecalibacterium_prausnitzii.Heliorestis_daurensis.Ruminococcus_bromii.Saccharofermentans_acetigenes	0.22	0	0.6	0	0.98	0	0	0.52	0.08	0.04	0	0	1.22	0.24	0.58	0.34	0.52	0.16	0	0.32	0.04	0.88	11.06	0.5	5.36	3.74	4.86	0	0	0	0	0	0	0.4	0	0.24	0	0.2	0.08	0.4	0.1	0.28	0.2	0	0.04	0.96	0.56
otu2668.Butyrivibrio_fibrisolvens.Clostridium_methylpentosum.Ruminococcus_flavefaciens	0	0	0	0	0	0	0	0	0	0	0	0	0	0	0	0	0.06	0.26	0	1.38	0.16	0	1.02	0.88	0.7	0	0	0	0	0	0	0	0	0	0	0.06	0	0.16	0.12	0	0	2.16	0.88	0	0	0	0
otu2669.Phascolarctobacterium_faecium	0	0	0	0	0	0	0	0	0	0	0	0	0	0	0	0	0	0	0	0	0	0	0	0	0	0	0	0	0	0	0	0	0	1.24	0	0	0	0.52	0.24	0.32	0.76	0	0	0	0	0	0
otu2690.Oscillibacter_valericigenes	0.12	0.16	0.66	0.16	0.12	0.28	0.06	0.02	0	0.76	0.08	0.2	0.6	0.06	0.32	0.06	0.1	0.02	0.14	0.14	0.12	0.16	0.08	0.1	0	0.54	0.22	0	0.92	0	0.36	0.16	0.08	0	0.08	0.04	0.02	0	0.04	0.02	0.06	0.12	0.02	0	0	0.08	0
otu2710.Faecalibacterium_prausnitzii	0	0.02	0	0.02	0	0	0.02	0.04	0.04	0	0.04	0.04	0	0.02	0	0.02	0.08	0.02	0	0	0	0	0	0	0	0	0	0	0	0	0	0	0	0	0.02	0.02	0.04	0.04	0.02	0	0.04	0	0	0	0	0.02	0
otu2726.Acetivibrio_cellulolyticus.Acetoanaerobium_noterae.Alkaliphils_metalliredigenes.Alkaliphilus_metalliredigens.Alkaliphilus_peptidifermentans.Alkaliphilus_transvaalensis.Caloramator_viterbiensis.Catabacter_hongkongensis.Christensenella_minuta.Clostridium_aldrichii.Clostridium_bartlettii.Clostridium_cavendishii.Clostridium_cellobioparum.Clostridium_clariflavum.Clostridium_colinum.Clostridium_josui.Clostridium_paradoxum.Clostridium_straminisolvens.Clostridium_sufflavum.Clostridium_termitidis.Faecalibacterium_prausnitzii.Geosporobacter_subterraneus.Lutispora_thermophila.Peptoniphilus_duerdenii.Peptoniphilus_gorbachii.Peptoniphilus_harei.Proteiniclasticum_ruminis.Saccharofermentans_acetigenes.Soehngenia_saccharolytica.Thermotalea_metallivorans	0	0	0	0	0	0	0	0	0	0	0	0	0	0.02	0	0	0.04	0	0	0.08	0	0	0	0.02	0	0	0	0	0	0	0	0	0	0	0	0	0	0.04	0	0	0	0	0	0.02	0.16	0.02	0.02
otu2727.Clostridium_cellulosi.Ethanoligenens_harbinense.Linmingia_china.Papillibacter_cinnamivorans	0.02	0	0.6	0.04	0	0	0.02	0	0	0.02	0	0	0.02	0	0.06	0.02	0	0.06	0.04	0	0	0.26	0	0	0	0	0	0.12	0.06	0.06	0.02	0	0	0	0	0	0	0	0.02	0.02	0.04	0.08	0	0	0	0	0
otu2733.Blautia_glucerasea	1.3	0.18	1.14	0	1.56	2.48	0.5	2.62	2.38	0.38	3.48	3.3	0.9	0.42	4.52	2	0.44	0.6	0.12	1.44	0.26	9.46	0.04	0.08	0.02	0.24	0.34	1.02	0.12	1.84	0	3.06	2.9	0.62	0	0.26	0.04	0.02	0.04	0	0.06	1.2	0.24	0.48	0.48	0.24	0.36
otu2738.Clostridium_ruminantium	0.02	0	0.04	0	0	0	0	0	0	0	0	0	0.04	0.14	0.02	0.1	0	0.02	0	0	0	0	0	0	0	0	0	0.04	0	0	0	0	0	0.12	0	0	0.04	0.02	0	0	0.08	0	0.04	0	0	0	0
otu275.Bacteroides_xylanisolvens	0.06	0.08	0	0	0	0.02	0	0.04	0.04	0	0.02	0	0	0.06	0	0	0	0.02	0	0	0	0	0	0	0	0.86	0.34	0.02	0	0	0	0	0	0	0	0	0	0	0	0	0	0.04	0.02	0	0.02	0	0
otu2750.Coprococcus_comes.Roseburia_intestinalis	0	0	0	0	0	0	0	0	0	0	0	0	0	0	0	0	0	0	0.36	0	0.48	0	0	0	0	0	0	0	0	0	0	0	0	0	0	0	0	0	0	0	0	0	0	0	0	0	0
otu2776.Actinomyces_meyeri.Actinomyces_odontolyticus	0.04	0	0.02	0	0.24	0	0	0	0	0	0	0	0	0	0.12	0	0.06	0	0	0.02	0.02	0	0	0.1	0.02	0	0	0	0.08	0	0.08	0.02	0.06	0	0.16	0	0	0	0	0	0	0	0	0	0	0	0.02
otu2785.Mogibacterium_diversum.Mogibacterium_neglectum.Mogibacterium_pumilum.Mogibacterium_timidum	0	0	0.08	0	0	0	0	0	0	0	0	0	0	0	0	0	0	0	0	0	0	1.68	0	0	0	0	0	0	0	0	0	0	0	0	0	0	0	0	0	0	0	0	0	0	0	0	0
otu2791.Flavonifractor_plautii	0.38	0.12	0.56	0.08	0.58	0.22	0.08	0.06	0.02	0	0.36	0.42	0.36	0.28	0.5	0.34	0.18	0.28	0.28	0.34	0.12	0.52	0.28	0.34	0.5	0.32	0.12	0.7	0.54	0.44	0.34	0.12	0.14	0.06	0.16	0.12	0.06	0	0	0.02	0.04	0.24	0.04	0.02	0.02	0.22	0.62
otu2801.Blautia_glucerasea	0	0.02	0.26	0	0	0.04	0	0	0	0	0	0.02	0	0	0	0	0	0	0.04	0	0	0	0	0	0	0.64	0.54	0	0.12	0.02	0.02	0.06	0.08	0	0.02	0.02	0	0	0	0	0	0	0	0	0	0	0
otu2803.Brevibacillus_panacihumi.Cohnella_fontinalis.Cohnella_formosensis.Cohnella_panacarvi.Cohnella_soli.Paenibacillus_agaridevorans.Paenibacillus_alvei.Paenibacillus_borealis.Paenibacillus_caespitis.Paenibacillus_camelliae.Paenibacillus_chungangensis.Paenibacillus_ginsengagri.Paenibacillus_glucanolyticus.Paenibacillus_graminis.Paenibacillus_granivorans.Paenibacillus_jilunlii.Paenibacillus_lautus.Paenibacillus_montaniterrae.Paenibacillus_popilliae.Paenibacillus_provencensis.Paenibacillus_thailandensis.Paenibacillus_urinalis.Paenibacillus_validus.Paenibacillus_vortex.Paenibacillus_wynnii.Pediococcus_acidilactici.Pediococcus_lolii	0	0	0	0	0	0	0	0	0	0	0	0	0	0.02	0	0	0	0.02	0	0	0	0	0	0	0	0	0	0	0	0	0	0.02	0	0	0	0	0	0	0	0.04	0	0	0	0	0	0	0
otu2817.Anaerotruncus_colihominis	0.04	0	0.12	0	0	0.26	0.04	0.04	0	0	0.34	0.06	0.02	0.06	0.2	0.18	0	0.04	0.42	0	0.34	0.16	1.16	0.24	0.6	0.18	0.1	0.44	0	0.36	0	0.12	0.04	0	0	0	0	0	0	0	0	0.04	0	0	0	0.16	0.08
otu2826.Eubacterium_coprostanoligenes.Howardella_ureilytica	0	0	0.02	0	0	0	0	0	0	0	0	0	0	1.48	0	0	0.92	0.94	0	1.42	0.12	0	0.24	2.1	1.38	0	0	0	1.84	0	1.02	0	0	0	0	1.76	0.58	0	0	0.98	3.86	0	0	0	0	2.22	7.94
otu283.Anaerotruncus_colihominis.Faecalibacterium_prausnitzii.Oscillibacter_valericigenes.Papillibacter_cinnamivorans	0	0	0	0	0	0	0	0	0	0	0	0	0	0	0	0	0	0	0	0.16	0	0	0	0	0	0	0	0	0	0	0	0	0	0	0	0	0	0	0	0	0	0	0	0	0	0	0
otu2870.Faecalibacterium_prausnitzii	0.02	0.38	0.04	0.3	0	0.02	0	0	0.1	0	0	0.08	0	0.08	0	0	0.02	0.06	0	0	0	0	0	0	0	0	0	0.02	0	0	0.02	0	0.02	0.02	0	0.08	0.04	0	0	0.02	0	0	0	0	0	0.08	0
otu2872.Clostridium_symbiosum	0	0	0	0	0	0.14	0	0.3	0.36	0.12	0	0.08	0.12	0	0.02	0.04	0.16	0	0	0.02	0	0	0	0.16	0	0.56	0.34	0.06	0	0.04	0	0.68	0.38	0.04	0	0.14	0.28	0.04	0	0	0	0.08	0	0.02	0	0	0.02
otu2893.Blautia_coccoides.Blautia_producta	0	0	0.02	0	0	0	0	0	0.02	0	0	0	0	0	0	0	0.02	0	0.06	0.36	0	0	0	0	0	0	0	0	0	0	0	0	0.02	0	0.22	0.02	0	0	0	0.02	0	0.04	0	0	0	0	0
otu2908.Clostridium_oroticum	0.64	0.32	0.46	0.1	1.28	3.44	0.92	0.66	1.1	0.42	5.56	0.78	0.64	2.06	1.22	0.82	0.78	1.56	3.32	1.28	2	2.44	0	1.24	0	2.38	1.6	1.04	3.4	0.4	0.36	1.58	2.02	1.38	0.04	1.38	0.52	0.48	0.14	0.14	0.14	0.44	0.54	0.14	0.26	0.28	0.68
otu2916.Eubacterium_saphenum	0.08	0	0	0	0.04	0	0	0.02	0	0	0	0	0.06	0.02	0	0.02	0	0.06	0.04	0	0	0.04	0	0	0	0.06	0.02	0.04	0.1	0.02	0.02	0.02	0	0	0	0.02	0	0	0	0	0	0.02	0.12	0	0.04	0	0
otu2937.Clostridium_maritimum	2.5	0.02	5.16	0.04	1.44	0	0	0.12	0	0	0	0	0.1	8.54	5.18	9.98	1.24	4.76	0	0.3	0	0.02	0.12	1.86	0.36	0.02	0	3.4	1.32	1.1	0.02	0.02	0.36	4.58	0.34	1.06	2.7	5.96	0.12	0.28	2.08	4.52	4.82	0	0.02	0	0
otu2968.Catabacter_hongkongensis	0	0	0.04	0	0	0	0	0	0	0	0	0.04	0	0	0	0	0	0	0	0	0	0.14	0.02	0.02	0	0	0	0.02	0.06	0.08	0	0	0	0	0	0	0	0	0	0.02	0	0.02	0	0	0	0	0
otu2984.Dorea_longicatena	0.04	0.06	0	0.02	0.06	0.06	0.06	0	0.08	0.06	0.08	0.1	0	0	0.02	0.04	0.12	0	0	0.02	0	0	0	0	0	0	0	0.02	0	0.04	0	0	0	0.06	0.02	0.04	0.1	0.02	0	0.02	0.02	0	0.06	0.12	0.14	0.16	0.22
otu3011.Eubacterium_coprostanoligenes	0	0	0	0	0	0	0.22	0	0	0	0.32	0	0	0	0	0	0	0	0	0	0	0	0	0	0	0	0	0	0	0	0	0	0	0	0	0	0	1.08	0.02	0	0	0	0	0	0	0	0
otu3019.Clostridium_algidixylanolyticum.Clostridium_celerecrescens.Clostridium_indolis.Clostridium_methoxybenzovorans.Clostridium_saccharolyticum	0	0.02	0	0	0	0.12	0.02	0	0.14	0.08	0.06	0.12	0.22	0.06	0.06	0.06	0	0.06	0.08	0	0.02	0	0	0	0	0.04	0	0.06	0.18	0	0.18	0.1	0.06	0	0	0	0.02	0.02	0	0	0	0	0	0	0	0	0
otu302.Faecalibacterium_prausnitzii	0	1.32	0.12	3.6	0	0.02	0.56	2.44	7.56	0.02	0.46	0.02	0	0.08	0	0.02	0.16	0.12	0	0	0	0.06	0	0.02	0	0	0	0.04	0.02	0.02	0.06	0	0.02	0	1.4	0.12	0.16	1.76	3.82	0.02	0.06	0	0	0.06	0.08	0.06	0.08
otu3052.Ruminococcus_flavefaciens	0	0.02	0.02	0	0.02	0	0.04	0.02	0	0.14	0.04	0.02	0.04	0	0.04	0	0	0	0.06	0.06	0.02	0.02	0.02	0.02	0.04	0	0	0	0	0.02	0.02	0	0	0.04	0	0	0	0.02	0.02	0.18	0.08	0	0.04	0	0	0.08	0.02
otu3054.Oscillibacter_valericigenes	0	0	0	0	0	0	0	0	0	0	0	0	0	0	0	0	0	0	0	0	0	0	0	0	0	0	0	0.18	0	0.12	0	0	0	0	0	0	0	0	0	0	0	0	0	0	0	0.22	0.1
otu3059.Roseburia_intestinalis	0	0	0	0	0	0	0.12	0	0	0	0.22	0	0.02	0.26	0	0	0.02	0.14	0	0	0	0	0	0	0	0	0	0	0	0	0	0	0	0	0	0.18	1.38	0	0	0.24	0	0	0	0	0	0.02	0
otu306.Acetivibrio_cellulolyticus.Acetoanaerobium_noterae.Alkalibaculum_bacchi.Alkaliphils_metalliredigenes.Alkaliphilus_metalliredigens.Alkaliphilus_peptidifermentans.Alkaliphilus_transvaalensis.Anaerovirgula_multivorans.Caloramator_viterbiensis.Catabacter_hongkongensis.Christensenella_minuta.Clostridium_acidurici.Clostridium_aldrichii.Clostridium_caminithermale.Clostridium_cavendishii.Clostridium_cellobioparum.Clostridium_cellulolyticum.Clostridium_cellulovorans.Clostridium_clariflavum.Clostridium_colinum.Clostridium_crotonatovorans.Clostridium_glycolicum.Clostridium_homopropionicum.Clostridium_hungatei.Clostridium_josui.Clostridium_kluyveri.Clostridium_lactatifermentans.Clostridium_neopropionicum.Clostridium_papyrosolvens.Clostridium_paradoxum.Clostridium_piliforme.Clostridium_propionicum.Clostridium_straminisolvens.Clostridium_sufflavum.Clostridium_termitidis.Clostridium_thermobutyricum.Clostridium_thermocellum.Clostridium_thermopalmarium.Clostridium_thermosuccinogenes.Eubacterium_acidaminophilum.Eubacterium_brachy.Faecalibacterium_prausnitzii.Fervidicella_metallireducens.Filifactor_alocis.Finegoldia_magna.Geosporobacter_subterraneus.Halobacteroides_halobius.Leptospira_interrogans.Leptospira_kirschneri.Leptospira_kmetyi.Leptospira_noguchii.Leptospira_santarosai.Lutispora_thermophila.Mahella_australiensis.Orenia_salinaria.Peptoniphilus_duerdenii.Peptoniphilus_gorbachii.Peptoniphilus_harei.Peptoniphilus_olsenii.Peptostreptococcus_anaerobius.Peptostreptococcus_canis.Peptostreptococcus_stomatis.Pseudobutyrivibrio_ruminis.Pseudobutyrivibrio_xylanivorans.Saccharofermentans_acetigenes.Salimesophilobacter_vulgaris.Sarcina_maxima.Soehngenia_saccharolytica.Sporanaerobacter_acetigenes.Sporohalobacter_lortetii.Tepidanaerobacter_acetatoxydans.Tepidibacter_thalassicus.Thermotalea_metallivorans.Tindallia_californiensis.Tindallia_magadiensis.Tissierella_creatinophila.Youngiibacter_fragile	0	0	0	0	0	0.66	0	0	0	0	0	1.1	0	0.4	0	0	0.16	0.34	0	0.08	0	0	0	1.82	0	0	0	0	0	0	0	0	0	0	0	0.34	0.38	0.34	0.34	1.48	1.48	0	0	0.2	0.16	0.68	2.18
otu3135.Bacteroides_vulgatus	0.1	0.26	0.02	0.38	0	0.04	0.66	0.04	0.08	0.06	0.24	0.12	0.12	0.32	0.08	0.2	0.02	0.28	0.02	0	0.04	0	0.04	0	0.02	0.06	0.26	0	0	0	0.12	0	0.16	0.2	0.32	0.08	0.1	0.12	0.12	0.02	0.04	0.14	0.1	0	0.04	0.1	0
otu3144.Clostridium_bartlettii.Clostridium_metallolevans	0	0	0	0	0	0	0	0	0	0	0	0	0	0	0.04	0.14	0.32	0	0	0.02	0	0	0	0	0	0	0	0.04	0	0.18	0	0	0.02	0	0	0	0	0	0	0.06	0	0.66	0.38	0	0	0	0
otu3148.Clostridium_bartlettii.Clostridium_bifermentans.Clostridium_irregulare.Clostridium_ruminantium.Clostridium_sordellii	0.02	0	0.02	0	0.02	0	0	0	0	0	0	0	0	0	0.08	0	0.22	0	0	0	0	0	0	0	0	0	0	0.02	0	0.02	0	0	0	0	0	0	0	0	0	0.16	0.12	0.26	0.14	0	0	0	0
otu3167.Anaerococcus_prevotii.Butyricicoccus_pullicaecorum.Eubacterium_coprostanoligenes.Howardella_ureilytica.Ruminococcus_bromii	0	0	0	0	0	0	0.18	0	0	0	0.64	0	0	0	0	0	0	0	2.54	0	1.74	0	0	0.02	0	0	0	0	0	0	0	0	0	0	0	0	0	0	0	0	0	0	0	0	0	0	0
otu3227.Blautia_hansenii	0	0	0	0	0	0.08	0.04	0.16	0.08	0	0.14	0.02	0	0.04	0.22	0.12	0.12	0	0	0.16	0	0	0	0.32	0	0	0	0.1	0	0.16	0	0.04	0.02	0.02	0	0.2	0.08	0.08	0.04	0.02	0.02	0.14	0.02	0	0	0	0.12
otu3285.Bacteroides_barnesiae	0	0	0	0	0	0	0	0.44	1.82	0	0	0	0	0	0	0	0	0	0	0	0	0	0	0	0	0	0	0	0	0	0	0	0	0	0	0	0	0	0	0	0	0	0	0	0	0	0
otu3296.Acetivibrio_cellulolyticus.Anaerotruncus_colihominis.Clostridium_cellulosi.Faecalibacterium_prausnitzii.Heliorestis_baculata.Lutispora_thermophila.Ruminococcus_albus.Ruminococcus_champanellensis.Ruminococcus_flavefaciens.Saccharofermentans_acetigenes	0.02	0	0	0	0.02	0	0	0	0	0.28	0	0	0.72	0	0.02	0	0	0	0	0	0	0.04	0	0	0	0.08	0.08	0	0	0.02	0	0	0	0	0	0	0	0	0	0	0	0	0	0	0	0	0
otu3315.Anaerofilum_agile.Anaerofilum_pentosovorans	0.02	0.02	0.08	0	0	0.04	0	0	0	0	0	0.02	0.04	0.02	0.02	0.02	0.04	0.04	0.04	0.02	0.02	0	0.74	0.02	0.3	0.02	0	0	0.3	0.02	0.08	0.02	0.04	0	0.04	0	0	0	0	0	0	0.08	0.02	0.02	0.02	0	0.02
otu3339.Acetanaerobacterium_elongatum.Clostridium_methylpentosum.Clostridium_sporosphaeroides	0.02	0	0.04	0	0	0.22	0.1	0	0	0.02	0.1	0.04	0.06	0.46	0.24	0	0.02	0.1	0.36	0	0.16	0.12	0.1	0.06	0.04	0.32	0.1	0.16	0.02	0.26	0.04	1.1	0.46	0	0.02	0.02	0	0	0	0	0	0.02	0	0	0	0.04	0.02
otu3364.Roseburia_intestinalis	0	0.96	0	0.24	0	0	0	0	0	0.02	0	0	0	0	0	0	0	0	0.22	0	0.28	0	0	0	0	0	0	0.02	0	0.08	0	0	0	0.16	0.04	0.32	0.16	0	0	0	0	0	0	0	0	0	0
otu338.Dorea_longicatena	0	0.04	0	0	0	0	0	0.02	0.06	0	0	0	0	0	0	0	0	0.04	0	0	0	0	0	0	0	0	0.04	0	0	0	0	0	0	0	0.06	0.12	0.02	0	0	0	0	0	0	0	0.04	0.02	0
otu3394.Bacteroides_acidifaciens.Bacteroides_coprophilus.Bacteroides_plebeius	0	0	0	0	0	0	0	0	0	0	0	0	0	0	0	0	0	0	0	0	0	0	0	0	0	0	0	0	0	0	0	0	0	0	0	0	0	0	0	0	0	0.44	0.88	0	0	0	0
otu3402.Faecalibacterium_prausnitzii.Gemmiger_formicilis.Subdoligranulum_variabile	0	0	0	0	0	0.02	0	0	0	0	0	0.02	0	0	0	0.04	0.02	0	0.1	0.02	0.22	0	0	0	0	0	0	0.02	0	0	0	0	0	0	0	0	0.02	0	0	0.06	0.02	0.1	0	0	0.02	0.02	0.04
otu3428.Blautia_glucerasea	0	0	0	0	0	0.08	0.06	0	0.04	0.08	0.1	0.02	0	0.02	0.02	0.02	0	0	0.02	0	0	0.02	0	0	0	0.02	0.08	0	0.16	0	0.08	0	0.02	0.06	0	0.04	0	0	0	0	0	0.02	0	0	0	0	0
otu3434.Faecalibacterium_prausnitzii	0	0	0.02	0	0	0	0	0	0	0	0	0	0	0	0	0	0	0	0	0	0	0	0	0	0	5.7	5.1	0	0	0	0	0	0	0	0.04	0	0	0	0.06	0.04	0.02	0	0	0	0	0.02	0
otu3444.Lachnobacterium_bovis	0.06	0.22	0.3	0.14	0	0.02	0.66	0.7	0.3	0	0.54	0	0	0	1.06	1.22	0.1	0	0	0.14	0	0.56	2.18	0.28	1.18	0	0	0.12	0	0.34	0	0.48	0.36	0.82	0.14	0.24	0.18	0.04	0.06	0.16	0.28	0.4	0.52	0.14	0.04	0.4	1.14
otu3450.Bacillus_pseudomycoides.Enterococcus_ratti.Paenibacillus_alvei.Paenibacillus_antarcticus.Paenibacillus_caespitis.Paenibacillus_camelliae.Paenibacillus_chitinolyticus.Paenibacillus_donghaensis.Paenibacillus_glacialis.Paenibacillus_graminis.Paenibacillus_granivorans.Paenibacillus_lautus.Paenibacillus_macquariensis.Paenibacillus_montaniterrae.Paenibacillus_motobuensis.Paenibacillus_provencensis.Paenibacillus_thailandensis.Paenibacillus_timonensis.Paenibacillus_urinalis.Paenibacillus_vortex.Paenibacillus_wynnii	0	0	0.06	0	0	0	0.04	0	0	0	0.1	0	0	0	0	0	0	0	0	0	0	0.06	0	0.06	0	0.12	0.12	0	0.04	0	0	0	0	0.02	0.06	0	0	0	0	0	0	0	0	0	0	0	0
otu3466.Dorea_longicatena	0.04	1.08	0.02	0.16	0.06	0.2	0.02	0.04	0.12	0.2	0	0.28	0.36	0.54	0.96	0.76	0.36	1	0	0.32	0.02	0	0	0.34	0	0.34	0.3	0.04	0	0.02	0	0	0.04	0.4	0	0.14	0.1	0	0.02	0.2	0.1	1.4	1.14	3.62	2.3	0.14	0.1
otu3495.Faecalibacterium_prausnitzii	0.02	0.02	0	0	0.06	0.02	0	0.02	0.04	0	0.02	0.02	0	0.02	0	0.08	0.04	0.14	0	0	0	0	0	0	0	0	0	0	0	0	0	0	0	0.04	0.02	0.02	0	0	0	0.04	0.08	0.02	0.04	0	0	0.04	0
otu352.Anaerostipes_butyraticus	0	0	0	0	0	0	0	0	0	0	0	0	0	0.02	0	0	0	0	0	0	0	0	0	0	0	0	0	0	0	0	0	0	0	0	0	0	0	0	0	0	0	0	0	0	0	0	0
otu3539.Butyricicoccus_pullicaecorum	0.2	0.2	0	0	0.74	0.32	0.04	0.04	0.1	0.06	0.12	0.1	0.06	0	0	0	0.06	0	0.28	0.12	0.28	0	0	0.08	0	0.1	0.22	0.08	0	0	0	0.18	0.42	0	0.06	0.14	0.06	0	0	0.06	0.12	0.08	0.12	0.04	0.04	0.02	0.08
otu3542.Clostridium_symbiosum.Lachnobacterium_bovis	0	0	0.04	0	0	0	0	0	0	0	0	0	0	0	0	0	0.04	0	0	0.3	0.1	0.04	0	0	0	0	0	0	0	0	0	0	0	0.04	0	0	0	0	0.12	0.02	0.08	0	0	0	0	0.02	0
otu3585.Allobaculum_stercoricanis	0	0.02	0.02	0	0	0	0	0.02	0	0.06	0.04	0.12	0.02	0	0	0	0	0	0.02	0	0	0	0	0	0	0	0	0	0	0	0	0	0	0	0.02	0	0	0	0	0	0	0	0	0	0	0	0
otu3599.Clostridium_cocleatum	0	0	0	0	0	0	0	7.38	4.28	0	0	0	0	0	0	0	0.44	0	0	0.24	0	0	0	0	0	0	0	1.02	0	0.98	4.18	1.02	0.72	1.4	0	2.32	4.56	0.22	0.76	0.7	2.4	0	0	44.36	50.16	1.22	1.38
otu360.Enterococcus_ratti	0	0	0	0	0	0	0.04	0	0	0.02	0.12	0	0.08	0	0	0	0	0	0	0	0	0	0.68	0	0.72	0	0	0	0	0	0	0	0	0	0	0	0	0.44	0.18	0	0	0	0	0	0	0	0
otu3601.Bacteroides_barnesiae	0	0	0	0	0	0	2.92	0	0	0	0.62	0	0	0	0	0	0	0	0	0	0	0	0	0	0	0	0	0	0	0	0	0	0	0	0	0	0	0	0	0	0	0	0	0	0	0	0
otu3619.Clostridium_aminophilum.Clostridium_jejuense	0	0	0	0	0	1.28	0.1	0.54	0.26	1.48	0.14	0.48	1.32	0.56	0	0	0.32	0.46	0	0.04	0.02	0	0.04	0.14	1.84	0	0	0.22	0	0.2	0	1.04	0.34	0.96	0.26	1.3	1.72	0.38	0.22	0.4	0.64	0	0	0	0	0	0
otu3625.Streptococcus_australis	0	0	0.02	0	0	0	0	0	0	0	0	0	0	0	0	0	0.06	0	0	0	0	0	0	0	0	0.04	0.02	0	0.02	0.04	0.02	0	0	0	0.2	0	0	0	0	0	0	0	0	0	0	0	0
otu3635.Roseburia_inulinivorans	0.06	0	0	0	0.34	0.66	0.02	0	0	0.04	0.28	0.24	0.08	0	0.3	0.18	0.26	0	0	0.54	0	0	0	0	0	0.12	0	0	0	0	0	0.42	0.38	0	0.06	0.08	0.1	0	0	0	0	0	0	0.02	0.02	0.02	0.02
otu3643.Bacteroides_uniformis	0.02	0.08	0	0	0	0.02	0	0.28	0.26	0	0.02	0.04	0	0.08	0	0	0	0.1	0.02	0	0.06	0	0	0	0.02	0.04	0.08	0	0.02	0	0	0.02	0.06	0.04	0	0	0	0	0	0	0	0.04	0.06	0	0	0	0
otu365.Blautia_producta.Clostridium_herbivorans.Clostridium_polysaccharolyticum.Roseburia_hominis	0	0	0	0	0	0	0	0.08	0.2	0.1	0	0	0.08	0.04	0	0	0.06	0	0	0.02	0	0	0	0	0.1	0	0	0	0	0	0	0	0	0	0	0.08	0	0	0	0	0	0.02	0	0	0	0	0
otu366.Anaerovorax_odorimutans	0	0	0	0	0	0.28	0	0	0	0	0	1.02	0	0	0	0	0	0	0	0	0	0	0	0	0	0	0	0	0	0	0	0	0	0.02	0	0	0	0.06	0	0	0	0	0	0	0	0	0
otu3674.Clostridium_ruminantium	0	0	0.02	0	0	0	0	0	0	0	0	0	0	0.02	0.02	0.14	0	0.14	0	0	0	0	0	0.02	0.02	0	0	0	0	0	0	0	0.02	0.02	0	0	0.08	0.08	0	0	0	0.04	0.04	0	0	0	0
otu3681.Coprobacillus_cateniformis	0	0	0	0	0	0.06	0	0.12	0	0	0	0.32	0.04	0	0	0	0	0	0	0.08	0	0	0	0	0	0	0	0	0	0	0	0	0	0	0	0.02	0	0	0	0	0	0	0	0.14	0	0.02	0
otu3689.Christensenella_minuta	0	0	0	0	0	0	0	0	0	0	0	0	0	0.02	0	0	0	0	0	0	0	0	0	0	0	0	0	0.04	0	0.06	0	0	0	0	0	0	0	0	0	0	0	0	0	0	0	0	0
otu3694.Megasphaera_elsdenii	2.18	0	0	0	4.56	0	0	0	0	0	0	0	0	0	0	0	0	0	2.38	0	4.38	0	0	0	0	0	0	0	0	0	0	0	0	0	3.76	0	0	0	0	0	0	1.4	0.82	0	0	0	0
otu3698.Clostridium_glycyrrhizinilyticum.Clostridium_oroticum.Roseburia_hominis	0	0	0.1	0	0.02	0	0	0	0	0	0.04	0.02	0	0	0	0	0.02	0.02	0	0	0	0.16	0	0	0	0	0	0	0	0	0	0	0.04	0	0	0	0	0	0	0	0	0	0	0.02	0	0	0.02
otu3713.Ruminococcus_albus.Ruminococcus_callidus.Ruminococcus_champanellensis.Ruminococcus_flavefaciens	0	0	0	0	0	0	0	0.68	0	0	0	0	0	0.04	0	0	0	0.7	0	0	0	0	0	0	0	0	0	0	0	0	0	0	0	0	0	0	0	2.6	0.5	0.18	0.66	0	1.96	0	0	0.02	0.08
otu3728.Eubacterium_coprostanoligenes	0	0	0	0	0	0	0	0	0	0	0	0	0	0	1.26	1.26	0.1	0	0	0.4	0	0	0	0	0	0	0	0	0	0	0	0	0	0	0	0	0	0	0	0	0	0	0	0	0	0	0
otu3755.Coprococcus_eutactus	0	0	0	0	0	0	0	0	0	0	0	0	0	0	0	0	0	0	0	0	0	0	0	0	0	0	0	0	0	0	0	0	0	0	0	0	0	0.38	0.66	0	0	0	0	0	0	0	0
otu3756.Ruminococcus_flavefaciens	0	0	0.44	0	0	0.38	0.04	0.18	0.02	0.18	0.16	0.04	0.14	0.22	0.36	0.08	0.04	0.26	0.74	0.3	0.68	0.04	0	0.38	0	0.38	0.1	0.06	0.32	0.04	0.56	0.44	0.58	0.1	0.12	0.26	0	1.14	0.04	0.04	0.08	0.18	0.74	0.08	0.22	0.26	1.18
otu3763.Caenispirillum_bisanense.Kopriimonas_byunsanensis	0	0	0	0	0	0	0	0	0	0	0	0	0.04	0	0	0	0	0	0	0	0	0	0	0	0	0	0	0	0	0	0	0	0	0	0	0	0	0	0	0	0	0	0	0	0	0	0
otu3764.Faecalibacterium_prausnitzii	0.08	0	0	0	0.12	0	0	0.02	0.08	0.02	0	0.04	0.04	0.16	0.06	0.02	0.02	0.24	0	0	0	0	0	0	0.06	0	0	0	0	0	0.02	0.02	0.02	0	0	0	0	0.08	0.16	0.06	0	0.02	0.02	0	0.04	0	0
otu3771.Anaerotruncus_colihominis	0	0	0.18	0	0	0.04	0	0	0	0	0	0.24	0	0	0	0	0	0	0	0.02	0	0.12	0.02	0	0	0	0	0	0	0	0	0	0	0	0	0	0	0	0	0	0	0	0	0	0	0	0
otu3789.Oscillibacter_valericigenes	0.66	0	13.78	0	1.02	0.02	0.32	0.4	0.02	0.18	0.52	0.34	0.28	1.44	1.78	2.1	0.22	1.12	0.1	0.64	0.48	1.78	2.3	2.96	3.36	0.02	0.08	2.32	3.54	2.74	2.64	0	0	3.04	0	0.28	0.06	0.34	0.58	0.44	0.46	0.56	0.26	0	0.06	1.22	0.96
otu3834.Alistipes_finegoldii	0	0	0	0	0	0.3	0	0	0	0	0	1.08	0	0	0	0	0	0	0	0	0	0	0	0.08	0	0.46	0.06	0	0	0	0	0	0	0	0	0	0	0	0	0	0	0	0	0	0	0.2	0.38
otu3849.Flavonifractor_plautii	0	0	0	0	0	0	0	0	0	0	0	0	0	0.06	0.02	0	0	0.06	0	0	0	0	0	0.02	0	0	0	0	0	0	0	0	0.08	0	0	0.06	0.08	0	0.02	0	0	0	0.04	0	0	0	0
otu3854.Clostridium_cellobioparum.Clostridium_cellulosi.Clostridium_straminisolvens.Clostridium_termitidis.Ethanoligenens_harbinense.Linmingia_china.Papillibacter_cinnamivorans	0	0	0.06	0	0	0	0.04	0	0	0	0.02	0.12	0	0	0	0	0	0	0	0	0.04	0.08	0	0	0	0.06	0	0	0	0.02	0	0.02	0.06	0.02	0	0	0	0	0	0	0	0	0	0	0	0	0
otu3910.Faecalibacterium_prausnitzii	0	0	0	0	0	0.06	0.02	0	0	0	0.04	0.08	0	0	0	0.08	0	0	0	0	0	0	0	0	0	0	0	0.02	0	0	0	0	0	0.04	0	0.06	0.18	0.04	0.02	0.02	0.04	0	0.02	0	0	0.02	0.04
otu3922.Fusicatenibacter_saccharivorans	0	0.02	0.02	0	0	0	0	0.06	0	0	0.04	0	0	0.02	0.06	0	0	0.02	0	0	0	0	0.02	0	0	0	0	0	0	0.04	0	0	0.02	0.04	0.02	0.04	0	0	0	0	0	0	0	0	0	0	0
otu3988.Clostridium_glycyrrhizinilyticum	0	1.14	1.28	0.28	0	2.9	1.02	2.56	8.28	6.36	1.04	1.42	8.88	0.52	2.44	0.46	0.3	0.14	2.7	0.82	1.14	6.54	1.76	1.66	2.22	0	0	2.88	0.22	1.46	0.3	4.76	2.94	0.3	0.64	5.66	0.9	0.3	0.18	0	0.02	0.58	0.6	0.42	0.4	0.48	0.06
otu4001.Eubacterium_saphenum	0.02	0.02	0.38	0	0.16	0	0	0.08	0	0.08	0	0	0.12	0.06	0.34	0.18	0.04	0.18	0	0.06	0	0.64	0.98	0.2	0.34	0	0.02	0.5	0.22	0.3	0.1	0	0	0.08	0.08	0.06	0	0.02	0	0.02	0	0.1	0.02	0.12	0.42	0.14	0.02
otu4014.Roseburia_inulinivorans	0	0	0.04	0	0	1.98	0	0.32	1.98	1.4	0	1.5	1.98	1.9	0.4	0.14	0.26	0.98	2.9	0.7	3.4	0.14	0	0	0	2.36	2.24	1.48	0	1.04	0	1.92	1.46	0.98	0.16	3.4	1.64	0	0.14	0.2	0.96	0.36	0.44	0.14	0.06	0.26	0.08
otu402.Flavonifractor_plautii.Intestinimonas_butyriciproducens.Oscillibacter_valericigenes.Oscillospira_guilliermondii	0	0	0	0	0	0	0.48	0	0	0	0.52	0	0	0	0	0	0.04	0	0	0.02	0	0	0	0	0	0	0	0	0	0	0	0	0	0	0	0	0	0	0	0	0	0	0	0	0	0	0
otu4032.Alistipes_finegoldii.Alistipes_massiliensis	0	0	0	0	0	0	0	0.08	0	0	0	0	0	0	0	0	0.24	0	0	0.2	0	0	0	0	0	0	0	0	0.06	0	0.02	0	0	0	0	0	0	0.02	0.12	0	0	0	0	0	0	0	0
otu4033.Intestinimonas_butyriciproducens.Sporobacter_termitidis	0	0	0	0	0	0	0	0.12	0	0	0	0	0	0	0	0	0.12	0	0	0.18	0	0	0	0	0	0	0	0.22	0	0.46	0	0	0	0.2	0	0	0	0.18	0.02	0	0.04	0	0	0	0	0.04	0.1
otu4043.Faecalibacterium_prausnitzii	0	0	0	0	0	0.06	0.02	0	0	0.02	0.08	0.04	0	0	0	0.04	0.12	0	0	0	0	0	0	0	0	0	0	0	0	0	0	0	0	0.04	0	0	0.04	0.06	0.04	0	0.06	0.02	0.02	0	0	0	0
otu4048.Enterococcus_ratti	0	6.68	0	1.2	0	8.64	0	0	0	0	0	2.52	0	0	0	0	4.04	0	0	4.04	0	0.04	0	1.32	0	0	0	0	0	0	0	0	0	0	0	5.22	5.26	0	0	0	0	0	0	0	0	0	0
otu4050.Butyricimonas_virosa	0	0	0	0	0	0	0	0	0	0	0	0	0	0	0	0	0	0	0	0	0	0	0	1.04	0	0	0	0	0	0	0	0	0	0	0	0	0	0	0	0.66	0.2	0	0	0	0	0	0
otu406.Blautia_luti	0.06	0.06	0.02	0	0.28	0	0.12	0.1	0.12	0.34	0.06	0	0.26	0.04	0.2	0.08	0.06	0.02	0.78	0	0.42	0.36	0	0.6	0	0.12	0.1	0.02	0	0.04	0	0.04	0.06	0.04	0.1	0.32	0.04	0	0.04	0	0.02	0.12	0.04	0.02	0	0.02	0.02
otu4076.Butyricicoccus_pullicaecorum	0	0	0	0	0	0	0	0.02	0	0	0	0	0	0.18	0	0	0	0.16	0	0	0	0	0	0.14	0	0	0	0	0	0	0	0	0.02	0	0	0	0	0.02	0.08	0.06	0.04	0	0	0	0	0.02	0.04
otu4085.Prevotella_copri	0	0	0	0	0	0	0	0	0	0	0	0	0	0	0	0	0	0	0	0	0	0	0	1.06	0	0	0	0	0	0	0	0	0	0	0	0	0	0	0	0	0	0	0	0	0	0	0
otu4092.Hydrogenoanaerobacterium_saccharovorans	0	0	0.22	0	0	0	0	0	0	0.08	0	0	0.28	0.02	0	0	0	0.04	0	0	0	0.28	0	0	0	0	0	0.18	0.76	0.06	0.4	0	0	0	0	0	0	0	0.04	0	0	0.26	0.24	0	0	0	0
otu4097.Anaerostipes_butyraticus.Blautia_coccoides.Blautia_producta.Clostridium_glycyrrhizinilyticum.Clostridium_herbivorans.Clostridium_oroticum.Clostridium_polysaccharolyticum.Clostridium_symbiosum.Coprococcus_comes.Dorea_longicatena.Fusicatenibacter_saccharivorans.Hespellia_stercorisuis.Lachnobacterium_bovis.Parasporobacterium_paucivorans.Pseudobutyrivibrio_ruminis.Robinsoniella_peoriensis.Ruminococcus_gauvreauii	0.02	0	0	0	0.4	0	0	0	0	0	0	0	0	0	0	0	0	0	0	0	0	0	0	0	0	0	0	0	0	0	0	0.12	0.04	0	0.02	0	0.08	0	0	0.02	0	0	0	0	0	0	0
otu4121.Ammoniphilus_oxalaticus.Aneurinibacillus_aneurinilyticus.Aneurinibacillus_migulanus.Bacillus_thermolactis.Bacillus_thermophilus.Bhargavaea_cecembensis.Brevibacillus_choshinensis.Brevibacillus_formosus.Brevibacillus_nitrificans.Brevibacillus_parabrevis.Cerasibacillus_quisquiliarum.Filobacillus_milosensis.Lactobacillus_ruminis.Lactobacillus_salivarius.Melghirimyces_thermohalophilus.Oceanobacillus_neutriphilus.Paenibacillus_jamilae.Paenibacillus_peoriae.Paenibacillus_polymyxa.Paenibacillus_terrae.Planococcus_donghaensis.Sediminibacillus_albus.Sediminibacillus_halophilus.Sporosarcina_aquimarina.Sporosarcina_globispora.Sporosarcina_koreensis.Sporosarcina_psychrophila.Streptohalobacillus_salinus.Virgibacillus_halophilus.Virgibacillus_koreensis.Virgibacillus_xinjiangensis	0	0	0	0	0	0	0	0	0	0	0	0	0	0	0	0	0.02	0	0	0.82	0	0	0	0	0	0	0	0	0	0	0	0	0	0	0	0	0	0	0	0	0.02	0	0	0	0	0	0
otu422.Clostridium_saccharolyticum	0.62	0.14	0.02	0	0.8	0	0.16	0.02	0.02	0.04	0.04	0	0.14	0	0.02	0.02	0	0	0.42	0	0.38	0	0	0	0	0.4	0.12	0	0.04	0	0	0.14	0.04	0	0.18	0.02	0.02	0	0	0	0	0.02	0.06	0	0	0	0
otu4240.Faecalibacterium_prausnitzii.Gemmiger_formicilis.Herbiconiux_ginsengi	0	0	0	0	0	1.08	0.24	0.22	0.02	0.1	0.16	0.74	0.04	0.16	0.78	0.2	0.16	0.1	0	0.6	0	0	0	0	0.02	0	0	0.02	0.14	0.02	0.14	0.08	0.1	0	0	0.12	0.2	0.16	0.16	0.24	0.44	1.22	0.74	0.68	0.78	0.26	2.18
otu4268.Dorea_longicatena	0.46	0	0.94	0	1.84	0.5	0	0	0.08	0.6	0.08	0.54	0.94	0.02	0.14	0.02	0.02	0.12	0.78	0	0.42	3.88	0	0.14	0	0.7	0.32	0.08	1.76	0.04	0.44	0.06	0.14	0	0.06	0.02	0.02	0	0	0	0	0.14	0.08	0	0.02	0	0.02
otu4275.Parabacteroides_goldsteinii.Parabacteroides_gordonii	0	0	0.02	0	0	0	0	0	0	0	0	0	0	0	0	0	0	0	0	0	0	0.18	0	0	0	0	0	0	0.18	0	0.02	0	0	0	0	0	0	0	0	0	0	0	0	0	0	0	0
otu4303.Clostridium_symbiosum	0	0.04	0	0.02	0	0	0	0	0	0	0	0	0.06	0	0.04	0	0	0	0.96	0	0.4	0	0	0	0	0.06	0	0	0.08	0	1.16	0.02	0.02	0	0	0.04	0.16	0	0	0	0	0.02	0	0	0	0	0
otu4336.Clostridium_glycyrrhizinilyticum	0.02	0	0	0	0	0.06	0	0.02	0.02	0.02	0	0.02	0	0.02	0.16	0.1	0	0.06	0	0.04	0	0	0.02	0.02	0.02	0.04	0	0.08	0	0.02	0	0.02	0.02	0.02	0	0.02	0	0	0	0	0	0	0	0	0.04	0.08	0.02
otu4338.Clostridium_xylanolyticum	0.42	0.02	0.02	0.02	0.82	0.16	0	0	0.1	0	0.06	0.3	0.2	0	0.02	0.14	0.08	0	0.06	0.06	0.2	0.1	0	0.02	0	0.3	0.2	0.06	0	0	0	0.06	0.02	0.04	0.02	0.02	0.06	0	0	0	0.02	0.14	0.1	0	0	0	0
otu4342.Clostridium_glycyrrhizinilyticum.Clostridium_symbiosum.Lachnobacterium_bovis	0	0.02	0.04	0	0	0	0	0.02	0.12	0	0	0	0	0	0.04	0.04	0	0	0	0.06	0	0	0.06	0.06	0.08	0	0	0	0	0.06	0	0	0	0	0	0.1	0.06	0	0.02	0	0.02	0.08	0.06	0	0	0.06	0.06
otu4348.Clostridium_aminophilum.Clostridium_symbiosum.Coprococcus_catus.Pseudobutyrivibrio_ruminis	0	0.42	0.24	0.18	0	0.08	0.08	0.2	0.14	1.56	0.22	1.26	0.78	0.5	0.06	0.08	1.56	0.56	0	1.44	0.02	0.1	0.22	1.7	0.62	0.16	0.18	0	0	0	0	0.14	0.02	0	0.02	0.16	1.24	0.36	2.1	0.18	0.14	0.3	0.48	0	0	0.38	0.18
otu4350.Oscillibacter_valericigenes.Ruminococcus_albus.Ruminococcus_champanellensis.Sporobacter_termitidis	0.06	0	0	0	0.02	0	0	0.04	0.02	0	0	0	0	0.02	0	0	0.1	0.04	0.2	0.14	0	0	0.02	0.08	0.04	0	0	0.04	0	0.04	0	0	0	0.06	0	0.06	0	0.04	0.02	0	0	0.02	0	0	0	0.02	0.18
otu4351.Blautia_producta	0.02	0.02	0.04	0	0.06	0	0	0	0	0	0	0	0.02	0	0	0	0	0	0.04	0	0	0.06	0	0	0	0	0	0	0.08	0	0.02	0	0	0	0	0	0	0	0	0	0	0.02	0.02	0	0	0	0
otu4357.Oscillibacter_valericigenes	0	0	0	0	0	0	0	0	0	0	0	0	0.28	0	0	0.02	0.02	0.02	0.08	0.06	0	0	0	0.16	0	0	0	0.04	0	0.06	0	0	0	0.06	0	0.04	0	0.08	0	0	0	0	0	0	0	0.02	0
otu4361.Clostridium_hathewayi.Dorea_longicatena	0.5	0.06	0.08	0.06	0.02	0	0	0	0	0	0	0	0	0	0	0	0	0	0.48	0	0.02	0.24	0.96	0	0.38	0	0	0	0	0	0	0	0	0.04	0.04	0.02	0	0	0	0.04	0.02	0.2	0.04	0.02	0	0	0
otu4379.Clostridium_straminisolvens.Clostridium_thermocellum	0	0	0.06	0	0	0	0	0.02	0	0.04	0	0.12	0	0.02	0.08	0	0.04	0.04	0.16	0.08	0.1	0	0	0.14	0	0	0	0.14	0	0.18	0	0	0	0	0	0.02	0	0.06	0.04	0.14	0.02	0	0	0.02	0.06	0.26	0.12
otu438.Clostridium_indolis	0	0.06	0	0.22	0	0.46	0	0.3	0.66	0.02	0	0.18	0.06	0	0	0	0.12	0	0	0.08	0.02	0	0	0.3	0	1.24	0.36	0.02	0	0.04	0.06	0.28	0.08	0.22	0	0.22	0.32	0	0	0.08	0	0.04	0.2	0	0	0	0
otu4380.Clostridium_cylindrosporum.Geosporobacter_subterraneus	0	0	0	0	0	0.02	0	0	0	0	0	0.1	0	0	0	0	0	0	0	0	0	0	0	0	0	0	0	0	0	0	0	0	0	0	0	0	0	2	2.02	0.24	1.46	0	0	0.04	0.04	0.44	0.68
otu4383.Roseburia_hominis	0.08	0	0	0	1.56	0	0	0	0.02	0	0	0	0	0	0.02	0	0.02	0	0	0	0.02	0	0	0	0	0	0	0	0.78	0	4.36	0	0	0	0	0	0	0	0	0	0	0	0	0	0	0	0
otu4408.Alistipes_onderdonkii	1.04	0.1	0	0	0.02	0	0.1	0.22	0.04	0.34	0.2	0.02	0.98	0	0	0	0	0	0.02	0	0	0	0.08	0	0.58	0.04	0.04	0	0.06	0	0.02	0.38	0.38	0	0	0	0	0	0	0	0	0	0	0	0	0	0
otu4413.Anaerotruncus_colihominis	0	0	0	0	0	0	0	0	0	0	0	0	0	0.3	0	0	0	0.48	0	0.02	0	0	0	0.02	0	0	0	0	0	0	0	0	0	0	0	0	0	0	0	0	0	0	0.1	0	0	0.04	0.04
otu4415.Blautia_glucerasea.Blautia_luti	0	0.12	0	0	0	0.02	0	0	0	0.02	0	0	0	0	0	0	0	0	0	0	0.02	0	0	0	0	0.32	0.3	0	0.08	0	0.02	0	0	0	0	0	0	0	0	0	0	0	0	0	0	0	0
otu4416.Abiotrophia_defectiva.Allobaculum_stercoricanis.Blautia_faecis.Blautia_luti.Blautia_wexlerae.Cohnella_panacarvi.Cohnella_xylanilytica.Enterococcus_azikeevi.Enterococcus_faecium.Enterococcus_hermanniensis.Enterococcus_hirae.Enterococcus_ratti.Enterococcus_villorum.Exiguobacterium_arabatum.Geobacillus_debilis.Paenibacillus_agarexedens.Paenibacillus_edaphicus.Paenibacillus_graminis.Paenibacillus_motobuensis.Paenibacillus_sacheonensis.Paenibacillus_soli.Paenibacillus_sputi.Paenibacillus_velaei.Paenibacillus_xinjiangensis.Sporolactobacillus_putidus	0	0	0	0	0	0	0	0	0	0	0	0	0	0.02	0	0	0	0.02	0	0	0	0	0.72	0	0.34	0	0	0	0	0	0	0	0	0	0	0	0	0	0	0	0	0	0	0	0	0	0
otu442.Hydrogenoanaerobacterium_saccharovorans.Ruminococcus_bromii.Ruminococcus_champanellensis.Ruminococcus_flavefaciens	0.54	0.04	0.3	0.02	0.54	0.02	0	0	0.08	0	0	0.08	0	0.28	0.3	0.34	0.02	0.16	0.54	0.12	0.3	0.2	0	0	0	0.22	0.88	0	0	0	0	0.08	0.16	0.42	0.14	0.02	0.06	0	0	0.04	0.04	0	0	0	0.02	0.04	0
otu4430.Bacteroides_acidifaciens.Bacteroides_cellulosilyticus.Bacteroides_clarus.Bacteroides_eggerthii.Bacteroides_faecis.Bacteroides_finegoldii.Bacteroides_fragilis.Bacteroides_gallinarum.Bacteroides_graminisolvens.Bacteroides_intestinalis.Bacteroides_nordii.Bacteroides_oleiciplenus.Bacteroides_ovatus.Bacteroides_rodentium.Bacteroides_salyersiae.Bacteroides_stercorirosoris.Bacteroides_stercoris.Bacteroides_thetaiotaomicron.Bacteroides_uniformis.Bacteroides_xylanisolvens	0	0	0	0	0	0	0.38	0	0	0.06	0.34	0	0	0	0	0	0	0	0	0	0	0.02	0	0	0	0.22	0.26	0	0	0	0	0	0	0	0	0	0	0	0	0	0	0.08	0.1	0	0.04	0	0
otu4457.Mogibacterium_timidum	0	0	0	0	0	0.14	0	0	0	0	0	0.34	0	0	0.14	0.06	0	0	0.02	0	0	0	0	0.02	0	0	0	0	0.9	0	0.16	0.04	0.08	0	0	0	0	0	0	0	0	0	0	0	0	0	0
otu4466.Papillibacter_cinnamivorans.Syntrophomonas_cellicola.Zymophilus_paucivorans.Zymophilus_raffinosivorans	0	0	0	0	0	0	0	0	0	0	0	0	0	0	0	0	0	0	0	0	0	0	12.5	0	15.02	0	0	0	0	0	0	0.54	0	0	0	0	0	0	0	0.06	0.42	0	0	0	0	0.34	0.1
otu4468.Clostridium_algidixylanolyticum	0.08	0	0.04	0	0.14	0	0	0	0	0.02	0	0	0.04	0	0	0	0	0	0	0	0	0.06	0	0	0	0.2	0	0	0	0	0	0.02	0	0	0	0	0	0	0	0	0	0	0	0	0	0	0
otu4474.Anaerosporobacter_mobilis	0	0	0	0	0	0	0	0	0	0.18	0.02	0	0.08	0	0.04	0.02	0.52	0	0.04	0.1	0.3	0	0	0	0	0	0	0	0	0	0	0	0	0.04	0	0.16	0.26	0	0	0	0.04	0.02	0.08	0	0	0	0.1
otu4475.Blautia_glucerasea.Blautia_schinkii	0.06	0	0.52	0	0.18	0.02	0	0	0	0	0	0	0	0	0	0	0	0	0.06	0	0.02	0.24	0	0	0	0	0.02	0	0	0	0	0	0	0	0.02	0	0	0	0	0	0	0	0	0	0	0	0
otu4530.Ruminococcus_albus	0.02	0	0	0	0	0	0.1	0	0	0	0.08	0	0	0.74	0.02	0.02	2.44	4.14	0.24	0.6	0.88	0	0	3.84	0	0	0	0	0	0	0	0	0	2.56	0	0	0.04	0.38	7.28	0.36	0.4	1.44	0.02	0	0.04	4.66	1.92
otu4537.Mahella_australiensis	0	0	0	0	0	0	0	0	0	0	0	0	0	0	0	0	0.04	0	0	0.08	0	0	1.98	0.2	1.24	0	0	0	0	0	0	0	0	0	0	0	0	0	0	0	0	0	0	0	0	0	0
otu4541.Anaerotruncus_colihominis	0.24	0	0	0	0.42	0.2	0.1	0.82	0	0	0.32	0.14	0	0.18	0.66	1.4	0	0.16	0	0	0	0	0	0.44	0	0	0	0.38	0	0.32	0	0	0	0.46	0	0	0	0	0	0	0	1.48	0.28	0	0	0	0
otu4550.Faecalibacterium_prausnitzii	0	0.02	0	0	0	0	0.02	0	0.12	0	0	0	0	0.08	0	0	0	0.04	0	0	0	0	0	0	0	0	0	0	0	0	0.02	0	0.02	0.02	0	0	0	0.16	0.06	0.02	0.02	0	0	0	0	0.04	0
otu457.Clostridium_termitidis.Clostridium_thermocellum	0	0	0	0	0	0	0	0	0	0	0	0	0	0.04	0	0	0	0	0	0	0	0	0	0	0	0	0	0	0	0	0	0	0	0	0	0	0	0	0	0	0	0	0	0	0	0	0
otu459.Bacteroides_coprocola	0	1.66	0	0	0	0	0	0	0	0	0	0	0	0	0	0	0	0	0	0	0	0	0	0	0	0	0	0	0	0	0	0	0	0	0	0	0	0	0	0	0	0	0	0	0	0	0
otu4617.Clostridium_cocleatum	0	0	0	0	0	0	0	0	0	0	0	0	0	0.28	0	0	0	0.32	0	0	0	0	0	0	0	0	0	0	0	0	0	0	0	0	0	0	0	0	0	0	0	0	0	0	0	0	0
otu4628.Oscillibacter_valericigenes	0	0	0	0	0	0.06	0	0	0	0	0	1.16	0	0	0	0.04	0.24	0	0	0.16	0	0	0	0.1	0	0	0	0	0	0	0	0	0	0.12	0	0	0.02	0.02	0.06	0	0.02	0	0	0	0	0.06	0.04
otu4655.Ruminococcus_bromii	0	0	0.02	0	0	0	0	0	0	0	0	0	0	0.02	0	0	0.02	0	0.04	0	0.08	0	0.2	0	0.22	0	0	0.1	0	0.04	0	0	0	0	0	0.22	0	0	0	0	0	0	0	0	0	0.02	0.02
otu4667.Alistipes_finegoldii.Alistipes_massiliensis	0	0.02	0	0.02	0	0.04	0.04	0.04	0	0	0.08	0.16	0.06	0	0.2	0.02	0.1	0	0	0.14	0.04	0	0	0.04	0	0	0	0.06	0	0	0	0.02	0.02	0.24	0	0	0	0.04	0	0	0	0.02	0	0	0	0	0
otu4671.Coprobacillus_cateniformis	0	0	0.1	0	0	0	0	0	0	0.02	0	0	0.04	0.24	0	0	0	0.36	0.22	0	0.58	0.04	0	0	0	0.1	1.58	0.04	0	0.02	0	0.12	0.06	0	0	0	0	0	0.02	0	0	0.02	0.18	0	0	0	0
otu471.Alistipes_senegalensis	0	0	0	0	0	0	0	0	0	0	0	0	0	0.44	0	0	0	0.6	0	0	0	0	0	0	0	0	0	0	0	0	0	0	0	0	0	0	0	0	0	0	0	0	0	0	0	0	0
otu4726.Dorea_longicatena	0	0.1	0	0	0.02	0.02	0.02	0	0.02	0	0.02	0	0.02	0	0	0.14	0.02	0.02	0	0	0	0	0	0	0	0	0	0	0	0	0	0	0	0.02	0	0	0.04	0	0.02	0	0	0.08	0.06	0	0.04	0.04	0.02
otu4740.Clostridium_alkalicellulosi.Clostridium_cellobioparum.Clostridium_termitidis.Clostridium_thermocellum.Faecalibacterium_prausnitzii.Lutispora_thermophila	0	0	0	0	0	0.12	0	0	0	0	0	0.06	0	0.02	0	0	0.04	0.02	0	0.06	0	0	0	0.1	0	0	0	0	0	0	0	0	0	0	0	0.06	0.02	0.12	0.42	0.1	0	0	0	0	0	0.12	0.48
otu476.Blautia_luti	0.12	0.96	0.34	0.08	1.68	0.14	0.56	1.82	1.24	0.72	1.92	0.14	0.48	0.68	0.66	0.48	0.52	0.34	5.98	1.1	3.58	4.4	0.04	2.18	0.14	1.96	1.24	2.62	0.24	2.26	0.24	3.18	3.64	0.32	1.22	2.66	0.16	0.08	0.08	0	0.02	0.3	0	2.76	1.1	0.46	1.02
otu4784.Roseburia_intestinalis	0	0	0	0	0	0.22	0.02	1.08	0.08	0.48	0.14	0.36	0.2	0	0.06	0.02	0.18	0	0	0.1	0.02	0	0.06	0.04	0.1	0	0	0	0	0	0	0.4	0.08	0	0	0.12	0.18	0.06	0.24	0	0	0.1	0.08	0	0	0.16	0.16
otu4793.Atopobium_vaginae.Cryptobacterium_curtum	0.28	0	0.34	0	0	0	0	0.08	0.02	0	0	0.1	0	0	0.18	0.08	0.02	0	0.38	0	0.12	0.28	0	0	0	0	0	0.08	0.1	0.02	0.02	0.04	0	0	0	0.06	0	0	0	0	0.02	0.4	0.04	0.04	0.14	0	0
otu4805.Butyricicoccus_pullicaecorum.Catonella_morbi.Faecalibacterium_prausnitzii.Ruminococcus_callidus.Ruminococcus_flavefaciens	0.04	0.04	0	0	0.02	0	0.02	0	0.02	0	0.02	0	0	0	0	0	0.02	0	0.02	0	0.02	0	0	0	0	0.06	0.1	0	0.08	0	0.02	0.06	0.04	0.02	0.14	0.04	0	0	0	0	0	0	0	0	0	0	0
otu481.Lachnobacterium_bovis.Roseburia_intestinalis.Roseburia_inulinivorans	0	0.02	0	0	0	0	0.02	0.02	0	0	0.02	0	0	0	0	0	0.02	0	0	0	0	0	0.04	0	0.02	0	0	0	0	0	0	0	0.04	0	0.04	0.04	0	0	0	0	0.02	0.02	0.02	0	0	0	0
otu4810.Anaerofilum_agile.Anaerofilum_pentosovorans.Clostridium_methylpentosum.Faecalibacterium_prausnitzii.Ruminococcus_bromii.Subdoligranulum_variabile	0.02	0.02	0	0	0.02	0	0	0.02	0	0	0	0	0	0	0.02	0.06	0	0.08	0	0	0	0	0	0	0	0	0	0	0	0	0	0	0	0.02	0	0	0	0	0.02	0.04	0.02	0	0.08	0	0.02	0	0.04
otu4818.Prevotella_loescheii	0	0	0	0	0	0	0	0	0	0	0	0	0	0	1.8	4.3	0	0	0	0	0.06	0	0	0	0	0	0	0	0	0	0	0	0	0	0	0	0	0	0	0	0	0	0	0	0	0	0
otu4826.Flavonifractor_plautii	0.16	0.06	0.28	0.22	0.36	0.24	0.02	0	0.04	0.04	0.02	0.14	0.1	0	0	0	0.06	0	0	0.04	0.22	0.08	0	0	0	0.38	0.38	0.06	0.22	0.06	0.3	0.08	0.16	0	0	0.02	0.04	0	0	0.1	0.1	0	0	0	0	0	0
otu4848.Eubacterium_coprostanoligenes.Ruminococcus_bromii	0	0	0	0	0	0	0	0	0	0	0	0	0	0	0	0	0	0	0	0	0	0	0	0	0	1.5	0.28	0	0	0	0	0	0	0	0	0	0	0	0	0	0	0	0	0	0	0	0
otu4855.Prevotella_bryantii.Prevotella_oulorum.Prevotella_scopos	0	0	0	0	0	0	0	0	0	0	0	0	0	0	0	0	0.04	0	0.02	0.04	1.36	0	0	0.2	0	0	0	0	0	0	0	0	0	0	0	1.06	7.58	0	0	0	0	0	0	0	0	0.14	0.08
otu4893.Megamonas_hypermegale	0	0	0	0	0	0	0	0	0	0.02	0	0	0	0	0	0	0	0	0	0	0	0	0	0	0	0	0	0	0	0	0	0	0	0	0	0.1	0.54	0	0	0	0	0	0	0	0	0	0
otu4896.Clostridium_straminisolvens.Clostridium_thermocellum.Faecalibacterium_prausnitzii	0	0	0	0	0	0	0	0	0	0	0	0	0	0	0	0	0.04	0	0	0.34	0	0	0	0.2	0	0	0	0	0	0	0	0	0	0	0	0	0	0	0.14	0	0	0	0	0	0	0.82	0.2
otu4904.Anaerotruncus_colihominis.Faecalibacterium_prausnitzii	0.08	0.02	0.12	0	0.18	0	0	0	0	0	0	0	0	0.24	0.04	0.02	0	0.34	0.14	0	0.04	0	0	0	0	0.02	0.02	0.08	0	0.04	0	0.04	0.08	0.02	0.02	0	0	0	0	0	0.02	0.06	0.02	0.06	0	0.14	0.06
otu4910.Anaerotruncus_colihominis.Butyricicoccus_pullicaecorum.Clostridium_methylpentosum.Clostridium_phytofermentans.Clostridium_xylanovorans.Hydrogenoanaerobacterium_saccharovorans	0	0	0	0	0	0	0	0	0	0	0	0	0	0	0	0	0.1	0	0.02	0.22	0.06	0	0	0	0	0	0	0	0	0	0	0	0	0	0	0.04	0	0	0.1	0.02	0.02	0	0	0	0	0.18	0.22
otu4932.Clostridium_lactatifermentans.Clostridium_neopropionicum.Clostridium_propionicum.Clostridium_straminisolvens.Clostridium_thermocellum	0	0.02	0	0.02	0	0	0	0	0.02	0.02	0	0	0.02	0.02	0.04	0.02	0	0.02	0	0.04	0.02	0.14	0	0.06	0	0.14	0.06	0.02	0	0	0	0.16	0.18	0	0	0.06	0.02	0	0	0	0	0	0	0	0	0	0
otu4949.Acetanaerobacterium_elongatum.Clostridium_methylpentosum.Faecalibacterium_prausnitzii.Ruminococcus_bromii	0	0	0	0	0	0.12	0.28	0	0	0	0.42	0.04	0	0.68	0	0	0.06	0.6	0	0	0	0	0	0.02	0	0	0	0.08	0.36	0.08	0.22	0.58	0.08	0	0.02	0	0	0	0	0	0	0	0	0	0	0.06	0.14
otu4969.Clostridium_glycyrrhizinilyticum	0	0	0	0.06	0	0	0	0	0.1	0.32	0	0.06	0.26	0	0.08	0	0	0	0.02	0	0	0	0	0	0	0	0	0.02	0	0.02	0	0	0	0.02	0.02	0.18	0.06	0	0	0	0	0	0	0	0.02	0.04	0.02
otu498.Acidaminococcus_fermentans.Acidaminococcus_intestini.Anaeroarcus_burkinensis.Anaeromusa_acidaminophila.Anaerosinus_glycerini.Phascolarctobacterium_faecium.Phascolarctobacterium_succinatutens.Psychrosinus_fermentans.Sporomusa_acidovorans.Sporomusa_aerivorans.Sporomusa_malonica.Sporomusa_paucivorans.Sporomusa_sphaeroides.Sporomusa_termitida.Sporotalea_propionica.Succiniclasticum_ruminis.Succinispira_mobilis.Zymophilus_paucivorans	0	0	0	0	0	0	0	0	0	1.56	0	0	1.42	0	0	0	0	0	0	0	0	0	0	1.52	0	0	0	0	0	0	0	1	1.48	0	0	0.08	0.32	0	0	0	0	0	0	0	0	0.1	0.06
otu4996.Blautia_producta	0	0	0.06	0	0	0.02	0.04	0.02	0	0	0	0.04	0.04	0	0	0.02	0	0	0	0.06	0	0.16	0.06	0.02	0.02	0.02	0	0.02	0.04	0	0	0.02	0	0	0	0	0	0	0	0	0	0.02	0	0	0.02	0	0
otu4999.Caloramator_australicus.Clostridium_aldrichii.Clostridium_clariflavum	0	0	0	0	0	0	0	0	0	0	0	0	0	0	0.04	0.02	0	0	0	0	0.02	0	0	0.36	0	0	0	0.26	0	0.06	0	0.04	0.04	0	0	0	0	0	0	0	0	0	0	0.02	0.06	0.1	0.04
otu5035.Clostridium_oroticum	0	0	0.02	0	0	0	0	0	0	0	0	0	0	0.06	0.02	0	0	0.14	0.16	0	0	0	0	0.1	0	0	0	0.24	0	0.3	0	0	0	0	0	0	0	0	0	0.06	0.04	0	0.02	0	0	0.02	0
otu5066.Paenibacillus_alvei.Paenibacillus_caespitis.Paenibacillus_camelliae.Paenibacillus_chitinolyticus.Paenibacillus_donghaensis.Paenibacillus_glucanolyticus.Paenibacillus_graminis.Paenibacillus_granivorans.Paenibacillus_jilunlii.Paenibacillus_lactis.Paenibacillus_montaniterrae.Paenibacillus_provencensis.Paenibacillus_thailandensis.Paenibacillus_timonensis.Paenibacillus_urinalis.Paenibacillus_wynnii.Pediococcus_acidilactici.Salinicoccus_alkaliphilus.Salinicoccus_carnicancri.Salinicoccus_hispanicus.Salinicoccus_kekensis.Salinicoccus_kunmingensis.Salinicoccus_marinus.Salinicoccus_qingdaonensis.Salinicoccus_roseus	0	0	0.16	0	1.26	0	0.12	0	0	0	0.58	0	0	0	0	0	0	0	0.02	0	0	0.1	14.92	0	6.34	0.2	0.42	0.28	0.36	0.22	0.24	0	0	0	0.14	0	0	0.04	0	0	0	0	0	0	0.02	0.18	0.06
otu5105.Roseburia_cecicola.Roseburia_hominis.Roseburia_inulinivorans	0	1.08	0	0.42	0	0	0.12	0.52	1.34	0.2	0.12	0	0	0.26	0	0	0.16	0.82	0	0.22	0	0	0	0	0	0	0	0.02	0.04	0	0.04	0.82	1.52	0.02	0.64	0.88	0.32	0.04	0.06	0.04	0.08	0.04	0.06	0.02	0.06	0	0.1
otu5117.Oscillibacter_valericigenes.Sporobacter_termitidis	0	0	0	0	0	0	0.16	0.06	0	0	0.26	0	0	0.36	0.66	0.6	0.06	0.12	0.02	0.08	0.04	0	0.14	0.24	0.32	0	0	0	0	0	0	0.22	0.34	0.08	0	0	0	0	0.26	0.1	0.26	0.52	0.08	0	0.04	0.02	0.04
otu5127.Butyrivibrio_fibrisolvens.Butyrivibrio_hungatei.Butyrivibrio_proteoclasticus.Clostridium_aminophilum	0	0	0	0	0	0.2	0	0	0	0	0	0.6	0	0	0	0	0	0	0	0	0	0	0	0	0	0	0	0	0	0	0	0	0	0	0	0	0	0	0	0.04	0.04	0	0	0	0	0.06	0.12
otu5136.Oscillibacter_valericigenes	0	0	0	0	0	0.02	0	0	0	0	0	0.1	0	0.08	0.04	0.02	0.04	0.04	0	0.02	0	0	0	0.1	0	0	0	0	0	0	0	0	0	0	0	0.06	0	0.12	0	0	0	0	0	0	0	0	0
otu5205.Blautia_glucerasea	0.04	0.1	0	0.04	0.06	0.02	0	0	0	0.04	0.02	0.02	0.02	0	0	0	0	0	0.06	0	0	0.02	0	0	0	0.28	0.32	0	0.02	0	0.18	0.02	0.26	0	0	0	0	0	0	0	0	0.02	0	0	0	0	0
otu5214.Lachnobacterium_bovis.Roseburia_hominis	0.14	0.76	1.76	0.28	2.12	4.14	1.72	1.86	1.08	2.38	1.96	3.06	3.46	0	1.8	1.24	0.36	0	0	1.04	0	1.98	5.88	0.66	4.4	0	0	2.78	0	2.12	0	2.7	1.52	0.98	0.26	2.28	0.96	0.16	0.66	0.32	0.26	1.7	1.46	8.38	4.8	4.74	6
otu5238.Clostridium_methylpentosum.Faecalibacterium_prausnitzii.Ruminococcus_albus.Ruminococcus_champanellensis.Ruminococcus_flavefaciens	0	0	0	0	0	0	0	0	0	0	0	0	0	0	0	0	0	0	0	0	0	0	0	0	0	0	0	0	0	0	0	0	0	0	0	0	0	0	0	0	0.04	0	0	0	0	0.32	0.92
otu5244.Oscillibacter_valericigenes	0	0	0	0	0	0	0.02	0.04	0	0	0.04	0	0	0.08	0	0	0.2	0.18	0	0.44	0	0	0	0	0	0	0	0	0	0	0	0	0	0	0	0	0	0.7	0.24	0	0	0	0	0	0	0.14	0
otu5257.Lactobacillus_senioris.Paenibacillus_chitinolyticus.Paenibacillus_graminis.Paenibacillus_jilunlii.Paenibacillus_lactis.Paenibacillus_timonensis.Pediococcus_acidilactici	0.52	0.04	0.02	0.04	0.04	0.06	0.04	0.02	0.02	0	0.1	0.08	0.04	0.06	0.02	0	0.04	0	0.36	0	0.14	0.06	0.34	0.04	0.02	0.14	0.04	0	0.1	0.02	0.1	0.06	0.08	0.04	0.4	0	0	0	0	0.02	0.04	0.04	0.02	0.02	0	0.02	0
otu5288.Alistipes_senegalensis.Alkalitalea_saponilacus.Bacteroides_clarus.Barnesiella_intestinihominis.Barnesiella_viscericola.Limibacter_armeniacum.Paraprevotella_clara.Paraprevotella_xylaniphila.Prevotella_loescheii.Prevotella_pleuritidis	0	0	0	0	0	0	0	0	0	0	0	0	0	0.1	0	0	0	0.7	0	0	0	0	0	0	0	0	0	0	0	0	0	0	0	0	0	0	0	0	0	0	0	0	0	0	0	0	0
otu5294.Oscillibacter_valericigenes.Sporobacter_termitidis	0	0	0	0	0	0.1	0.04	0.02	0	0	0.04	0.72	0	0.1	0.24	0.06	0.02	0.02	0.02	0.1	0	0	0.1	0	0.5	0	0	0.14	0.02	0.42	0.5	0	0	0.02	0	0	0.02	0	0.02	0.02	0	0.36	0.08	0	0	0	0
otu5315.Fusicatenibacter_saccharivorans	0	0	0	0.02	0.04	0.02	0.02	0	0.02	0	0.02	0	0	0	0.06	0.02	0	0.02	0.04	0	0	0	0	0	0	0	0	0	0	0	0	0	0.12	0	0	0	0	0	0	0	0	0.02	0	0	0	0	0
otu5341.Clostridium_bartlettii.Clostridium_bifermentans.Clostridium_difficile.Clostridium_ghoni.Clostridium_ghonii.Clostridium_glycolicum.Clostridium_hiranonis.Clostridium_mangenotii.Clostridium_mayombei.Clostridium_metallolevans.Clostridium_ruminantium.Clostridium_sordellii.Clostridium_venationis	0	0	0	0	0	0	0	0	0	0	0	0	0	0	0	0	0	0	0	0	0	0	0	0	0	0	0	0	0.74	0	0.02	0	0	0	0	0	0	0	0	0	0	0.02	0	0	0	0	0
otu5409.Clostridium_aminophilum	0.28	0.08	0.2	0.02	0.14	0	0.02	0	0	0.28	0	0	0.06	0.02	0.1	0.04	0	0	0.02	0.02	0.08	0.32	0.08	0.06	0.02	0.16	0.1	0.1	0.58	0.06	0.14	0	0	0	0.02	0	0	0	0	0	0	0.06	0	0	0	0	0
otu5437.Eubacterium_coprostanoligenes	0	0	0	0	0	0	0	0	0	0.06	0	0	0.04	0	0	0	0.02	0	0	0.02	0	0	0	0	0	0	0	0	0	0	0	0	0	0	0	0	0	0	0	0	0	0	0	0	0	0	0
otu5485.Streptococcus_salivarius	0	0	0	0	0	0	0	0	0	0	0	0	0	0.04	0	0.02	0.04	0	0	0	0	0	0	0	0	0	0	0	0	0	0	0	0	0	0.08	0	0	0	0	0	0	0	0	0	0	0.02	0.08
otu5488.Bacillus_xiaoxiensis.Desulfitispora_alkaliphila.Peptococcus_niger.Robinsoniella_peoriensis.Ruminococcus_callidus.Syntrophomonas_cellicola.Syntrophomonas_curvata.Syntrophomonas_palmitatica	0	0	0	0	0	0	0.1	0	0	0.04	0.28	0	0.22	0	0	0	0	0	0	0	0	0	0	0	0	0	0	0	0	0	0	0	0	0	0	0	0	0	0	0	0	0	0	0	0	0	0
otu5507.Atopobium_vaginae.Denitrobacterium_detoxificans	0.24	0	0	0	0.14	0	0	0	0	0	0	0	0	0	0	0	0	0	0	0	0	0	0	0.2	0	0	0	0	0	0	0	0	0	0.3	0	0	0	0	0	0	0	0	0	0	0	0	0.02
otu5517.Faecalibacterium_prausnitzii.Gemmiger_formicilis	0	0	0	0	0	0	0	0.08	0	0.06	0	0	0.02	0	0.06	0	0	0	0.02	0	0.02	0	0	0	0	0	0	0.34	0.18	0.18	0.04	0.06	0.02	0	0.12	0	0.02	0	0	0.1	0.2	0.04	0.08	0.04	0.02	0.02	0.1
otu5538.Gordonibacter_pamelaeae	0	0	0	0	0	0	0	0	0	0	0	0	0	0	0	0	0	0	0	0	0	0	0	0	0	0.3	0.14	0	0	0	0	0	0	0	0	0.02	0.02	0	0	0	0	0	0	0	0	0	0
otu5567.Papillibacter_cinnamivorans	0	0	0	0	0	0	0	0	0	0	0	0	0	0	0	0	0	0	0	0	0	0	0	0	0	0	0	0	0.06	0	0	0	0	0	0	0	0	0	0	0	0	0	0	0	0	0	0
otu5603.Oscillibacter_valericigenes	0.08	0	0.1	0	0.02	0	0.04	0	0	0	0.02	0	0.06	0	0.06	0.12	0.02	0	0	0	0	0	0.06	0	0.02	0	0.02	0	0.1	0.08	0.08	0	0	0.02	0	0	0	0	0	0.02	0	0	0	0	0	0	0
otu5607.Faecalibacterium_prausnitzii	0.12	0	0	0.04	0.14	0	0	0.08	0.16	0.02	0	0	0.06	0.28	0	0.02	0.02	0.28	0	0	0	0	0.02	0	0.1	0	0	0	0.02	0	0.08	0	0.04	0.02	0	0	0	0.26	0.32	0.14	0.12	0.14	0.14	0	0	0.1	0.08
otu5612.Ruminococcus_champanellensis	0	0	0	0	0	0	0	0	0	0	0	0.26	0	0	0	0	1.26	0	0	1.94	0	0	0.22	1.34	0.6	0	0	0	0	0	0	0	0	1.28	0	0	0	0	0	0	0	0	0	0	0	0	0
otu5632.Faecalibacterium_prausnitzii	0	0.5	0.02	0.32	0	0.16	0	0	0.3	0	0	0.06	0	0.04	0	0.02	0.1	0.06	0	0	0	0	0	0	0	0	0	0.06	0	0	0	0	0.02	0	0	0.18	0.16	0.12	0.12	0.02	0	0	0	0	0	0.14	0.18
otu5654.Streptococcus_oralis	0	0	0.14	0	0.02	0	0.04	0	0	0	0.14	0	0	0.28	0	0	0	0.12	0	0	0	0.08	0	0	0	0	0	0.06	0.02	0.02	0.02	0	0	0	0.06	0	0	0.02	0	0	0	0	0.02	0	0	0.16	0.32
otu5682.Ruminococcus_bromii	0	0	0	0	0	0	0	0.68	0	0	0	0.48	0	0	0	0	0	0	0	0	0	0	0	0	0	0	0	0	0	0	0	0	0	0.14	0	0	0	0	0	0	0	5.92	0	0	0	0	0
otu5723.Butyricicoccus_pullicaecorum	0.16	0.06	0.08	0	0.72	0.02	0	0.16	0.04	0.02	0	0	0.08	0	0.02	0.08	0.1	0.02	0	0.18	0	0.08	0	0.02	0.02	0.02	0.08	0.04	0	0	0	0.06	0.04	0	0	0.04	0	0	0	0	0	0.1	0.06	0	0	0	0
otu594.Ruminococcus_callidus	0	0	0	0	0	0	0	0	0	0	0	0	0	0	3.98	3.48	0	0	0	0	0	0	0	0	0	0	0	0.52	3.36	0.2	0.64	0	0	0	0	0	0	0	0	0	0.02	0	0	0	0	0	0
otu596.Anaerotruncus_colihominis.Clostridium_sporosphaeroides.Ruminococcus_bromii	0	0	0.04	0	0.1	0	0	0	0	0	0	0	0	0	0.04	0.02	0	0.06	0	0.04	0	0.02	0	0	0	0	0	0	0.12	0.02	0	0	0.02	0	0.04	0	0	0	0	0.02	0	0.02	0.02	0	0	0	0
otu621.Clostridium_bolteae.Clostridium_clostridioforme	0	0	0.4	0	0.1	0.02	0.04	0	0	0.04	0.08	0.08	0.04	0.02	0	0.1	0	0	0.06	0.02	0.1	0.1	0	0.02	0	0.2	0.1	0.06	0.04	0.12	0.02	0	0.02	0	0.04	0	0	0.04	0	0	0	0.02	0	0	0	0	0
otu632.Clostridium_cellobioparum.Clostridium_termitidis.Ethanoligenens_harbinense.Linmingia_china.Lutispora_thermophila.Ruminococcus_champanellensis.Ruminococcus_flavefaciens	0	0	0	0	0	0	0	0	0	0	0.02	0	0	0	0	0	0	0	0	0	0	0	0	0	0	0	0	0	0.3	0	0.18	0	0	0	0	0	0	0	0	0	0	0	0	0	0	0	0
otu640.Coprococcus_comes.Roseburia_faecis.Roseburia_hominis.Roseburia_intestinalis	0	0	0	0	0	0	0	0	0.02	0.1	0	0	0.08	0	0	0.02	0	0	0	0	0	0	0	0	0	0.1	0.04	0	0	0	0	0	0.12	0	0	0	0.02	0	0	0	0	0	0	0	0	0	0
otu642.Eubacterium_coprostanoligenes	0	0	0	0	0	0	0	0	0	0.32	0	0	0.88	0	0	0	0	0	0	0	0	0	0	0	0	0	0	0	0	0	0	0.84	0.64	0	0	0	0	0	0	0	0	0	0	0	0	0	0
otu651.Alistipes_finegoldii	0.9	0.26	0.16	0.04	0.24	0.12	0.24	0.38	0.04	0.78	1.16	0.44	1.18	0.66	0	0	0.06	0.4	0.28	0.02	0.14	0.76	0.06	1.98	0.14	1.06	1.36	0.16	0.02	0.08	0	0.48	0.44	0.6	0	0.12	0.04	0.26	0.02	0.04	0	1.14	1.1	0	0.02	0	0
otu690.Ruminococcus_albus	0	0	0	0	0	0	0.1	0	0	0	1.42	0	0	0.08	8.26	3.66	0	0.22	0	0	0	0.02	0.28	0	0.96	0	0	1.9	0	0.38	0	0	0	0	0.04	2.36	1.42	0.24	0.28	0.24	1.32	0	0	0	0	0	0
otu700.Faecalibacterium_prausnitzii	0	0	0	0	0	0.02	0.12	0	0	0	0.04	0.02	0	0.02	0.12	0.16	0.02	0.04	0	0	0	0	0	0	0	0	0	0	0	0	0	0	0	0.08	0	0.02	0.06	0	0	0.04	0.08	0	0	0	0	0.06	0
otu728.Blautia_coccoides.Blautia_producta.Oscillospira_guilliermondii.Pseudoflavonifractor_capillosus	0	0	0	0	0	0	0.02	0	0	0.1	0.1	0.1	0.06	0.02	0.08	0.18	0.12	0.12	0.06	0.02	0.08	0	0.12	0	0.18	0	0	0	0	0	0	0	0	0.02	0	0.04	0	0.1	0.26	0.06	0.04	0.18	0.1	0	0	0.08	0.6
otu742.Ruminococcus_bromii	0	0	0	0	0	0	0.02	0.72	0	0	0	1.92	0	0	0	0	0	0	0	0	0.02	0	0	0.08	0	0	0	0	0	0	0	0	0	0.62	0	0	0	0	0	0	0	0	0	0	0	0	0
otu790.Roseburia_inulinivorans	0.02	0.06	0	0.08	0.12	0	0	0	0	0	0	0	0.02	0	0	0	0	0	0.1	0	0.02	0.04	0	0	0	0.14	0.1	0	0.18	0	0.1	0	0	0	0	0	0	0	0	0	0	0	0.02	0	0	0	0
otu797.Oscillibacter_valericigenes	0	0	0	0	0	0	0	0	0	0	0	0	0	0	0	0	0	0.16	0	0	0	0	0	0	0	0	0	0	0	0	0	0	0	0	0	0	0	0	0	0	0	0	0	0	0	0	0.02
otu799.Blautia_coccoides.Blautia_hansenii.Blautia_producta.Clostridium_aerotolerans.Clostridium_algidixylanolyticum.Clostridium_amygdalinum.Clostridium_boliviensis.Clostridium_celerecrescens.Clostridium_clostridioforme.Clostridium_glycyrrhizinilyticum.Clostridium_hathewayi.Clostridium_indolis.Clostridium_lavalense.Clostridium_methoxybenzovorans.Clostridium_oroticum.Clostridium_polysaccharolyticum.Clostridium_saccharolyticum.Clostridium_scindens.Clostridium_sphenoides.Clostridium_symbiosum.Clostridium_xylanolyticum.Clostridium_xylanovorans.Lachnobacterium_bovis.Robinsoniella_peoriensis.Ruminococcus_gauvreauii.Syntrophococcus_sucromutans	0	0	0	0	0	0.02	0	0	0	0.06	0	0.12	0.1	0	0.02	0.06	0.08	0	0	0	0	0	0	0	0	0	0	0	0	0	0	0	0	0	0	0.08	0	0.02	0.04	0	0	0.04	0.02	0	0.02	0.02	0.02
otu807.Flavonifractor_plautii.Oscillibacter_valericigenes.Pseudoflavonifractor_capillosus	0	0	0.02	0	0.02	0	0	0	0	0.02	0	0	0.08	0.32	0.06	0.1	0.14	0.28	0	0.06	0	0	0.52	0.14	1.04	0	0	0	0.02	0	0.02	0	0	0.1	0	0	0.04	0.02	0.24	0.14	0.08	0.1	0.04	0	0	0.16	0.08
otu817.Acetanaerobacterium_elongatum.Clostridium_cellulosi.Ethanoligenens_harbinense.Faecalibacterium_prausnitzii.Linmingia_china.Ruminococcus_champanellensis	0	0	0.02	0	0	0	0	0	0	0	0	0	0	0	0.02	0	0	0	0	0	0	0.04	0.02	0	0.06	0	0	0.06	0	0.04	0	0	0	0	0	0.02	0	0	0	0	0	0	0	0	0	0	0
otu820.Bacteroides_vulgatus	0	0	0	0.2	0	0	0	0	0	0	0.08	0	0	0	0	0	0	0.02	0	0	0	0	0	0	0	0	0	0	0	0	0	0	0.02	0.02	0.16	0	0	0	0	0	0.02	0	0	0	0	0	0
otu830.Butyribacterium_methylotrophicum.Eubacterium_limosum	0	0	0	0	0	0	0	0	0	0	0	0	0	0	0	0	0	0	0.38	0	0.34	0	0	0	0	0	0	0	0	0	0	0	0	0	0	0	0	0	0	0	0	0	0	0	0	0	0
otu854.Clostridium_cocleatum.Clostridium_spiroforme	0	0	0	0	0	12.38	0	0	0	0	0	3.58	0	0	0	0	0	0	0	0	0	0	0	0	0	0	0	0	0	0	0	1.1	1.56	0	0	0	0	0	0	0	0	0	0	0	0	0	0
otu860.Alkalitalea_saponilacus.Anaerophaga_thermohalophila.Limibacter_armeniacum.Natronoflexus_pectinivorans.Nubsella_zeaxanthinifaciens.Pedobacter_borealis.Pedobacter_terrae.Pedobacter_yonginense.Pontibacter_actiniarum.Pontibacter_korlensis.Pontibacter_lucknowensis.Pontibacter_niistensis.Pontibacter_ramchanderi.Pontibacter_saemangeumensis.Pontibacter_salisaro.Pontibacter_xinjiangensis.Prevotella_melaninogenica.Prevotella_oulorum.Prevotella_scopos.Rapidithrix_thailandica	0	0	0	0	0	0	0	0	0	0	0	0	0	0	0	0	0	0	0	0	0	0	0	0	0	0	0	0	0	0	0	0	0	0	0	0.34	0.84	0	0	0	0	0	0	0	0	0	0
otu869.Parabacteroides_distasonis	0	0	0	0	0	0	0	0	0.02	0	0	0	0.04	0	0	0	0	0	0	0	0	0	0	0	0	0	0	0	0.12	0	0.12	0	0	0	0	0.02	0	0	0	0	0	0	0	0	0	0.02	0.08
otu886.Ruminococcus_bromii	0	0	0	0	0	0.02	0	0	0	0.06	0	0.12	0.5	0.08	0	0	0	0.04	0	0	0	0	0	0	0	0	0	0	0.04	0	0	0	0	0.76	0	0	0	0.02	0	0	0	0	0	0	0	0.02	0
otu892.Blautia_luti	0.06	0	0	0	0.14	0.06	0	0	0	0	0	0.16	0.02	0	0	0.02	0	0	0.1	0.22	0.16	0	0.04	0.04	0	0	0	0.06	0	0.14	0	0	0	0	0	0	0	0.04	0	0	0	0	0	0	0.06	0	0.04
otu896.Anaerovirgula_multivorans.Ruminococcus_bromii	0	0	0.08	0	0	0	0	0	0	0	0	0	0	0.14	0	0	0	0.06	0	0	0	0.12	0	0	0.02	0	0	0.36	0.78	0.54	0.16	0	0	0	0	0	0	0	0	0	0.06	0	0	0	0	0	0
otu901.Clostridium_glycyrrhizinilyticum.Dorea_longicatena	0.16	0.8	0.04	0.2	1.02	0.48	0.16	0.02	0.34	1.1	0.34	0.46	1.64	0.02	0.44	1.58	0.24	0.08	0	0.1	0	0.06	0	1.24	0	0	0	0.92	0.04	0.64	0	0.06	0.12	0	0	0.64	0.22	0.08	0.02	0.06	0.2	1.02	0.3	1.76	1.44	0.62	1.02
otu915.Parvularcula_dongshanensis	0	0	0	0	0	0	0	0	0	0	0	0.02	0	0	0	0	0	0	0	0	0	0	0	0	0	0	0	0	0	0	0	0.24	0	0	0	0	0	0	0	0	0	0	0	0	0	0	0
otu94.Sutterella_parvirubra.Sutterella_stercoricanis.Sutterella_wadsworthensis	0	0.58	0.02	2.34	0	0	0	0	0	0	0.02	0	0	0	0	0	0	0	0	0	0	0	0	0	0	0	0	0	0	0	0	0.22	0.28	0	0	0.22	1.98	0	0	0	0	0	0	0	0	0	0
otu997.Clostridium_paraputrificum	0.24	0	0.08	0	2.84	0	0	0.04	0	0	0	0.12	0	0.04	2.16	0.7	4.28	1.16	1.56	3.42	0.02	0	0	0.02	0.02	0	0	0.08	0	0.06	0	0	0.38	0.02	3.86	0	0.04	0	0	0.66	2.68	0.62	0.02	0	0	0	0
